0.1	1	0
0.0426988	1	0
0.0182319	1	0
0.00778478	1	0
0.003324	1	0
0.00141931	1	0
0.000606028	1	0
0.000258766	1	0
0.00011049	1	0
4.71779e-05	1	0
2.01444e-05	1	0

0.1	2	0
0.0426988	2	3
0.0182319	2	0
0.00778478	2	0
0.003324	2	0
0.00141931	2	0
0.000606028	2	0
0.000258766	2	0
0.00011049	2	0
4.71779e-05	2	0
2.01444e-05	2	0

0.1	3	6
0.0426988	3	2
0.0182319	3	1
0.00778478	3	0
0.003324	3	0
0.00141931	3	0
0.000606028	3	0
0.000258766	3	0
0.00011049	3	0
4.71779e-05	3	0
2.01444e-05	3	0

0.1	4	1
0.0426988	4	0
0.0182319	4	0
0.00778478	4	0
0.003324	4	0
0.00141931	4	0
0.000606028	4	0
0.000258766	4	0
0.00011049	4	0
4.71779e-05	4	0
2.01444e-05	4	0

0.1	5	3
0.0426988	5	1
0.0182319	5	0
0.00778478	5	0
0.003324	5	0
0.00141931	5	0
0.000606028	5	0
0.000258766	5	0
0.00011049	5	0
4.71779e-05	5	0
2.01444e-05	5	0

0.1	6	1
0.0426988	6	1
0.0182319	6	1
0.00778478	6	0
0.003324	6	0
0.00141931	6	0
0.000606028	6	0
0.000258766	6	0
0.00011049	6	0
4.71779e-05	6	0
2.01444e-05	6	0

0.1	7	5
0.0426988	7	1
0.0182319	7	1
0.00778478	7	0
0.003324	7	0
0.00141931	7	0
0.000606028	7	0
0.000258766	7	0
0.00011049	7	0
4.71779e-05	7	0
2.01444e-05	7	0

0.1	8	5
0.0426988	8	0
0.0182319	8	1
0.00778478	8	0
0.003324	8	0
0.00141931	8	0
0.000606028	8	0
0.000258766	8	0
0.00011049	8	0
4.71779e-05	8	0
2.01444e-05	8	0

0.1	9	7
0.0426988	9	5
0.0182319	9	0
0.00778478	9	0
0.003324	9	0
0.00141931	9	0
0.000606028	9	0
0.000258766	9	0
0.00011049	9	0
4.71779e-05	9	0
2.01444e-05	9	0

0.1	10	2
0.0426988	10	2
0.0182319	10	0
0.00778478	10	0
0.003324	10	0
0.00141931	10	0
0.000606028	10	0
0.000258766	10	0
0.00011049	10	0
4.71779e-05	10	0
2.01444e-05	10	0

0.1	11	2
0.0426988	11	1
0.0182319	11	0
0.00778478	11	0
0.003324	11	0
0.00141931	11	0
0.000606028	11	0
0.000258766	11	0
0.00011049	11	0
4.71779e-05	11	0
2.01444e-05	11	0

0.1	12	5
0.0426988	12	4
0.0182319	12	0
0.00778478	12	0
0.003324	12	0
0.00141931	12	0
0.000606028	12	0
0.000258766	12	0
0.00011049	12	0
4.71779e-05	12	0
2.01444e-05	12	0

0.1	13	11
0.0426988	13	0
0.0182319	13	1
0.00778478	13	0
0.003324	13	0
0.00141931	13	0
0.000606028	13	0
0.000258766	13	0
0.00011049	13	0
4.71779e-05	13	0
2.01444e-05	13	0

0.1	14	5
0.0426988	14	3
0.0182319	14	0
0.00778478	14	1
0.003324	14	0
0.00141931	14	0
0.000606028	14	0
0.000258766	14	0
0.00011049	14	0
4.71779e-05	14	0
2.01444e-05	14	0

0.1	15	3
0.0426988	15	3
0.0182319	15	1
0.00778478	15	0
0.003324	15	0
0.00141931	15	0
0.000606028	15	0
0.000258766	15	0
0.00011049	15	0
4.71779e-05	15	0
2.01444e-05	15	0

0.1	16	2
0.0426988	16	0
0.0182319	16	0
0.00778478	16	0
0.003324	16	0
0.00141931	16	0
0.000606028	16	0
0.000258766	16	0
0.00011049	16	0
4.71779e-05	16	0
2.01444e-05	16	0

0.1	17	2
0.0426988	17	2
0.0182319	17	0
0.00778478	17	0
0.003324	17	0
0.00141931	17	0
0.000606028	17	0
0.000258766	17	0
0.00011049	17	0
4.71779e-05	17	0
2.01444e-05	17	0

0.1	18	4
0.0426988	18	5
0.0182319	18	0
0.00778478	18	0
0.003324	18	0
0.00141931	18	0
0.000606028	18	0
0.000258766	18	0
0.00011049	18	0
4.71779e-05	18	0
2.01444e-05	18	0

0.1	19	2
0.0426988	19	1
0.0182319	19	1
0.00778478	19	0
0.003324	19	0
0.00141931	19	0
0.000606028	19	0
0.000258766	19	0
0.00011049	19	0
4.71779e-05	19	0
2.01444e-05	19	0

0.1	20	2
0.0426988	20	2
0.0182319	20	0
0.00778478	20	0
0.003324	20	0
0.00141931	20	0
0.000606028	20	0
0.000258766	20	0
0.00011049	20	0
4.71779e-05	20	0
2.01444e-05	20	0

0.1	21	3
0.0426988	21	1
0.0182319	21	1
0.00778478	21	0
0.003324	21	0
0.00141931	21	0
0.000606028	21	0
0.000258766	21	0
0.00011049	21	0
4.71779e-05	21	0
2.01444e-05	21	0

0.1	22	3
0.0426988	22	0
0.0182319	22	0
0.00778478	22	0
0.003324	22	0
0.00141931	22	0
0.000606028	22	0
0.000258766	22	0
0.00011049	22	0
4.71779e-05	22	0
2.01444e-05	22	0

0.1	23	5
0.0426988	23	0
0.0182319	23	0
0.00778478	23	0
0.003324	23	0
0.00141931	23	0
0.000606028	23	0
0.000258766	23	0
0.00011049	23	0
4.71779e-05	23	0
2.01444e-05	23	0

0.1	24	3
0.0426988	24	3
0.0182319	24	1
0.00778478	24	0
0.003324	24	0
0.00141931	24	0
0.000606028	24	0
0.000258766	24	0
0.00011049	24	0
4.71779e-05	24	0
2.01444e-05	24	0

0.1	25	1
0.0426988	25	0
0.0182319	25	0
0.00778478	25	0
0.003324	25	0
0.00141931	25	0
0.000606028	25	0
0.000258766	25	0
0.00011049	25	0
4.71779e-05	25	0
2.01444e-05	25	0

0.1	26	1
0.0426988	26	0
0.0182319	26	0
0.00778478	26	0
0.003324	26	0
0.00141931	26	0
0.000606028	26	0
0.000258766	26	0
0.00011049	26	0
4.71779e-05	26	0
2.01444e-05	26	0

0.1	27	4
0.0426988	27	0
0.0182319	27	0
0.00778478	27	0
0.003324	27	0
0.00141931	27	0
0.000606028	27	0
0.000258766	27	0
0.00011049	27	0
4.71779e-05	27	0
2.01444e-05	27	0

0.1	28	6
0.0426988	28	1
0.0182319	28	1
0.00778478	28	0
0.003324	28	0
0.00141931	28	0
0.000606028	28	0
0.000258766	28	0
0.00011049	28	0
4.71779e-05	28	0
2.01444e-05	28	0

0.1	29	1
0.0426988	29	1
0.0182319	29	0
0.00778478	29	0
0.003324	29	0
0.00141931	29	0
0.000606028	29	0
0.000258766	29	0
0.00011049	29	0
4.71779e-05	29	0
2.01444e-05	29	0

0.1	30	2
0.0426988	30	2
0.0182319	30	1
0.00778478	30	0
0.003324	30	0
0.00141931	30	0
0.000606028	30	0
0.000258766	30	0
0.00011049	30	0
4.71779e-05	30	0
2.01444e-05	30	0

0.1	31	5
0.0426988	31	3
0.0182319	31	0
0.00778478	31	0
0.003324	31	0
0.00141931	31	0
0.000606028	31	0
0.000258766	31	0
0.00011049	31	0
4.71779e-05	31	0
2.01444e-05	31	0

0.1	32	4
0.0426988	32	2
0.0182319	32	0
0.00778478	32	0
0.003324	32	0
0.00141931	32	0
0.000606028	32	0
0.000258766	32	0
0.00011049	32	0
4.71779e-05	32	0
2.01444e-05	32	0

0.1	33	6
0.0426988	33	2
0.0182319	33	0
0.00778478	33	0
0.003324	33	0
0.00141931	33	0
0.000606028	33	0
0.000258766	33	0
0.00011049	33	0
4.71779e-05	33	0
2.01444e-05	33	0

0.1	34	2
0.0426988	34	0
0.0182319	34	0
0.00778478	34	0
0.003324	34	0
0.00141931	34	0
0.000606028	34	0
0.000258766	34	0
0.00011049	34	0
4.71779e-05	34	0
2.01444e-05	34	0

0.1	35	2
0.0426988	35	2
0.0182319	35	0
0.00778478	35	0
0.003324	35	0
0.00141931	35	0
0.000606028	35	0
0.000258766	35	0
0.00011049	35	0
4.71779e-05	35	0
2.01444e-05	35	0

0.1	36	3
0.0426988	36	1
0.0182319	36	0
0.00778478	36	0
0.003324	36	0
0.00141931	36	0
0.000606028	36	0
0.000258766	36	0
0.00011049	36	0
4.71779e-05	36	0
2.01444e-05	36	0

0.1	37	4
0.0426988	37	2
0.0182319	37	0
0.00778478	37	0
0.003324	37	0
0.00141931	37	0
0.000606028	37	0
0.000258766	37	0
0.00011049	37	0
4.71779e-05	37	0
2.01444e-05	37	0

0.1	38	5
0.0426988	38	0
0.0182319	38	0
0.00778478	38	0
0.003324	38	0
0.00141931	38	0
0.000606028	38	0
0.000258766	38	0
0.00011049	38	0
4.71779e-05	38	0
2.01444e-05	38	0

0.1	39	3
0.0426988	39	2
0.0182319	39	0
0.00778478	39	1
0.003324	39	0
0.00141931	39	0
0.000606028	39	0
0.000258766	39	0
0.00011049	39	0
4.71779e-05	39	0
2.01444e-05	39	0

0.1	40	2
0.0426988	40	0
0.0182319	40	0
0.00778478	40	0
0.003324	40	0
0.00141931	40	0
0.000606028	40	0
0.000258766	40	0
0.00011049	40	0
4.71779e-05	40	0
2.01444e-05	40	0

0.1	41	4
0.0426988	41	0
0.0182319	41	0
0.00778478	41	0
0.003324	41	0
0.00141931	41	0
0.000606028	41	0
0.000258766	41	0
0.00011049	41	0
4.71779e-05	41	0
2.01444e-05	41	0

0.1	42	3
0.0426988	42	0
0.0182319	42	0
0.00778478	42	0
0.003324	42	0
0.00141931	42	0
0.000606028	42	0
0.000258766	42	0
0.00011049	42	0
4.71779e-05	42	0
2.01444e-05	42	0

0.1	43	3
0.0426988	43	2
0.0182319	43	0
0.00778478	43	0
0.003324	43	0
0.00141931	43	0
0.000606028	43	0
0.000258766	43	0
0.00011049	43	0
4.71779e-05	43	0
2.01444e-05	43	0

0.1	44	2
0.0426988	44	1
0.0182319	44	0
0.00778478	44	1
0.003324	44	0
0.00141931	44	0
0.000606028	44	0
0.000258766	44	0
0.00011049	44	0
4.71779e-05	44	0
2.01444e-05	44	0

0.1	45	1
0.0426988	45	2
0.0182319	45	0
0.00778478	45	0
0.003324	45	0
0.00141931	45	0
0.000606028	45	0
0.000258766	45	0
0.00011049	45	0
4.71779e-05	45	0
2.01444e-05	45	0

0.1	46	3
0.0426988	46	0
0.0182319	46	0
0.00778478	46	0
0.003324	46	0
0.00141931	46	0
0.000606028	46	0
0.000258766	46	0
0.00011049	46	0
4.71779e-05	46	0
2.01444e-05	46	0

0.1	47	2
0.0426988	47	0
0.0182319	47	0
0.00778478	47	0
0.003324	47	0
0.00141931	47	0
0.000606028	47	0
0.000258766	47	0
0.00011049	47	0
4.71779e-05	47	0
2.01444e-05	47	0

0.1	48	3
0.0426988	48	1
0.0182319	48	1
0.00778478	48	1
0.003324	48	0
0.00141931	48	0
0.000606028	48	0
0.000258766	48	0
0.00011049	48	0
4.71779e-05	48	0
2.01444e-05	48	0

0.1	49	3
0.0426988	49	0
0.0182319	49	0
0.00778478	49	0
0.003324	49	0
0.00141931	49	0
0.000606028	49	0
0.000258766	49	0
0.00011049	49	0
4.71779e-05	49	0
2.01444e-05	49	0

0.1	50	4
0.0426988	50	2
0.0182319	50	0
0.00778478	50	0
0.003324	50	0
0.00141931	50	0
0.000606028	50	0
0.000258766	50	0
0.00011049	50	0
4.71779e-05	50	0
2.01444e-05	50	0

0.1	51	2
0.0426988	51	2
0.0182319	51	1
0.00778478	51	0
0.003324	51	1
0.00141931	51	0
0.000606028	51	0
0.000258766	51	0
0.00011049	51	0
4.71779e-05	51	0
2.01444e-05	51	0

0.1	52	7
0.0426988	52	0
0.0182319	52	0
0.00778478	52	0
0.003324	52	0
0.00141931	52	0
0.000606028	52	0
0.000258766	52	0
0.00011049	52	0
4.71779e-05	52	0
2.01444e-05	52	0

0.1	53	9
0.0426988	53	0
0.0182319	53	0
0.00778478	53	0
0.003324	53	0
0.00141931	53	0
0.000606028	53	0
0.000258766	53	0
0.00011049	53	0
4.71779e-05	53	0
2.01444e-05	53	0

0.1	54	3
0.0426988	54	2
0.0182319	54	0
0.00778478	54	0
0.003324	54	0
0.00141931	54	0
0.000606028	54	0
0.000258766	54	0
0.00011049	54	0
4.71779e-05	54	0
2.01444e-05	54	0

0.1	55	4
0.0426988	55	3
0.0182319	55	0
0.00778478	55	0
0.003324	55	0
0.00141931	55	0
0.000606028	55	0
0.000258766	55	0
0.00011049	55	0
4.71779e-05	55	0
2.01444e-05	55	0

0.1	56	6
0.0426988	56	2
0.0182319	56	0
0.00778478	56	0
0.003324	56	0
0.00141931	56	0
0.000606028	56	0
0.000258766	56	0
0.00011049	56	0
4.71779e-05	56	0
2.01444e-05	56	0

0.1	57	7
0.0426988	57	1
0.0182319	57	0
0.00778478	57	0
0.003324	57	0
0.00141931	57	0
0.000606028	57	0
0.000258766	57	0
0.00011049	57	0
4.71779e-05	57	0
2.01444e-05	57	0

0.1	58	0
0.0426988	58	0
0.0182319	58	0
0.00778478	58	0
0.003324	58	0
0.00141931	58	0
0.000606028	58	0
0.000258766	58	0
0.00011049	58	0
4.71779e-05	58	0
2.01444e-05	58	0

0.1	59	6
0.0426988	59	1
0.0182319	59	0
0.00778478	59	0
0.003324	59	0
0.00141931	59	0
0.000606028	59	0
0.000258766	59	0
0.00011049	59	0
4.71779e-05	59	0
2.01444e-05	59	0

0.1	60	3
0.0426988	60	0
0.0182319	60	0
0.00778478	60	0
0.003324	60	0
0.00141931	60	0
0.000606028	60	0
0.000258766	60	0
0.00011049	60	0
4.71779e-05	60	0
2.01444e-05	60	0

0.1	61	3
0.0426988	61	0
0.0182319	61	2
0.00778478	61	0
0.003324	61	0
0.00141931	61	0
0.000606028	61	0
0.000258766	61	0
0.00011049	61	0
4.71779e-05	61	0
2.01444e-05	61	0

0.1	62	2
0.0426988	62	1
0.0182319	62	0
0.00778478	62	0
0.003324	62	0
0.00141931	62	0
0.000606028	62	0
0.000258766	62	0
0.00011049	62	0
4.71779e-05	62	0
2.01444e-05	62	0

0.1	63	2
0.0426988	63	1
0.0182319	63	0
0.00778478	63	0
0.003324	63	0
0.00141931	63	0
0.000606028	63	0
0.000258766	63	0
0.00011049	63	0
4.71779e-05	63	0
2.01444e-05	63	0

0.1	64	0
0.0426988	64	3
0.0182319	64	0
0.00778478	64	0
0.003324	64	0
0.00141931	64	0
0.000606028	64	0
0.000258766	64	0
0.00011049	64	0
4.71779e-05	64	0
2.01444e-05	64	0

0.1	65	2
0.0426988	65	1
0.0182319	65	0
0.00778478	65	0
0.003324	65	0
0.00141931	65	0
0.000606028	65	0
0.000258766	65	0
0.00011049	65	0
4.71779e-05	65	0
2.01444e-05	65	0

0.1	66	4
0.0426988	66	0
0.0182319	66	0
0.00778478	66	0
0.003324	66	0
0.00141931	66	0
0.000606028	66	0
0.000258766	66	0
0.00011049	66	0
4.71779e-05	66	0
2.01444e-05	66	0

0.1	67	4
0.0426988	67	2
0.0182319	67	0
0.00778478	67	0
0.003324	67	0
0.00141931	67	0
0.000606028	67	0
0.000258766	67	0
0.00011049	67	0
4.71779e-05	67	0
2.01444e-05	67	0

0.1	68	2
0.0426988	68	3
0.0182319	68	0
0.00778478	68	0
0.003324	68	0
0.00141931	68	0
0.000606028	68	0
0.000258766	68	0
0.00011049	68	0
4.71779e-05	68	0
2.01444e-05	68	0

0.1	69	3
0.0426988	69	2
0.0182319	69	0
0.00778478	69	0
0.003324	69	0
0.00141931	69	0
0.000606028	69	0
0.000258766	69	0
0.00011049	69	0
4.71779e-05	69	0
2.01444e-05	69	0

0.1	70	5
0.0426988	70	1
0.0182319	70	1
0.00778478	70	0
0.003324	70	0
0.00141931	70	0
0.000606028	70	0
0.000258766	70	0
0.00011049	70	0
4.71779e-05	70	0
2.01444e-05	70	0

0.1	71	3
0.0426988	71	0
0.0182319	71	0
0.00778478	71	0
0.003324	71	0
0.00141931	71	0
0.000606028	71	0
0.000258766	71	0
0.00011049	71	0
4.71779e-05	71	0
2.01444e-05	71	0

0.1	72	2
0.0426988	72	0
0.0182319	72	1
0.00778478	72	0
0.003324	72	0
0.00141931	72	0
0.000606028	72	0
0.000258766	72	0
0.00011049	72	0
4.71779e-05	72	0
2.01444e-05	72	0

0.1	73	5
0.0426988	73	0
0.0182319	73	0
0.00778478	73	0
0.003324	73	0
0.00141931	73	0
0.000606028	73	0
0.000258766	73	0
0.00011049	73	0
4.71779e-05	73	0
2.01444e-05	73	0

0.1	74	2
0.0426988	74	2
0.0182319	74	1
0.00778478	74	0
0.003324	74	0
0.00141931	74	0
0.000606028	74	0
0.000258766	74	0
0.00011049	74	0
4.71779e-05	74	0
2.01444e-05	74	0

0.1	75	3
0.0426988	75	2
0.0182319	75	0
0.00778478	75	0
0.003324	75	0
0.00141931	75	0
0.000606028	75	0
0.000258766	75	0
0.00011049	75	0
4.71779e-05	75	0
2.01444e-05	75	0

0.1	76	4
0.0426988	76	2
0.0182319	76	2
0.00778478	76	1
0.003324	76	0
0.00141931	76	0
0.000606028	76	0
0.000258766	76	0
0.00011049	76	0
4.71779e-05	76	0
2.01444e-05	76	0

0.1	77	4
0.0426988	77	3
0.0182319	77	0
0.00778478	77	0
0.003324	77	0
0.00141931	77	0
0.000606028	77	0
0.000258766	77	0
0.00011049	77	0
4.71779e-05	77	0
2.01444e-05	77	0

0.1	78	2
0.0426988	78	5
0.0182319	78	0
0.00778478	78	0
0.003324	78	0
0.00141931	78	0
0.000606028	78	0
0.000258766	78	0
0.00011049	78	0
4.71779e-05	78	0
2.01444e-05	78	0

0.1	79	7
0.0426988	79	1
0.0182319	79	0
0.00778478	79	0
0.003324	79	0
0.00141931	79	0
0.000606028	79	0
0.000258766	79	0
0.00011049	79	0
4.71779e-05	79	0
2.01444e-05	79	0

0.1	80	2
0.0426988	80	1
0.0182319	80	0
0.00778478	80	0
0.003324	80	0
0.00141931	80	0
0.000606028	80	0
0.000258766	80	0
0.00011049	80	0
4.71779e-05	80	0
2.01444e-05	80	0

0.1	81	2
0.0426988	81	0
0.0182319	81	0
0.00778478	81	0
0.003324	81	0
0.00141931	81	0
0.000606028	81	0
0.000258766	81	0
0.00011049	81	0
4.71779e-05	81	0
2.01444e-05	81	0

0.1	82	4
0.0426988	82	6
0.0182319	82	0
0.00778478	82	0
0.003324	82	0
0.00141931	82	0
0.000606028	82	0
0.000258766	82	0
0.00011049	82	0
4.71779e-05	82	0
2.01444e-05	82	0

0.1	83	5
0.0426988	83	1
0.0182319	83	0
0.00778478	83	0
0.003324	83	0
0.00141931	83	0
0.000606028	83	0
0.000258766	83	0
0.00011049	83	0
4.71779e-05	83	0
2.01444e-05	83	0

0.1	84	4
0.0426988	84	1
0.0182319	84	0
0.00778478	84	0
0.003324	84	0
0.00141931	84	0
0.000606028	84	0
0.000258766	84	0
0.00011049	84	0
4.71779e-05	84	0
2.01444e-05	84	0

0.1	85	3
0.0426988	85	1
0.0182319	85	1
0.00778478	85	0
0.003324	85	0
0.00141931	85	0
0.000606028	85	0
0.000258766	85	0
0.00011049	85	0
4.71779e-05	85	0
2.01444e-05	85	0

0.1	86	6
0.0426988	86	0
0.0182319	86	0
0.00778478	86	0
0.003324	86	0
0.00141931	86	0
0.000606028	86	0
0.000258766	86	0
0.00011049	86	0
4.71779e-05	86	0
2.01444e-05	86	0

0.1	87	6
0.0426988	87	2
0.0182319	87	2
0.00778478	87	0
0.003324	87	0
0.00141931	87	0
0.000606028	87	0
0.000258766	87	0
0.00011049	87	0
4.71779e-05	87	0
2.01444e-05	87	0

0.1	88	4
0.0426988	88	0
0.0182319	88	0
0.00778478	88	0
0.003324	88	0
0.00141931	88	0
0.000606028	88	0
0.000258766	88	0
0.00011049	88	0
4.71779e-05	88	0
2.01444e-05	88	0

0.1	89	3
0.0426988	89	6
0.0182319	89	0
0.00778478	89	0
0.003324	89	0
0.00141931	89	0
0.000606028	89	0
0.000258766	89	0
0.00011049	89	0
4.71779e-05	89	0
2.01444e-05	89	0

0.1	90	4
0.0426988	90	3
0.0182319	90	0
0.00778478	90	0
0.003324	90	0
0.00141931	90	0
0.000606028	90	0
0.000258766	90	0
0.00011049	90	0
4.71779e-05	90	0
2.01444e-05	90	0

0.1	91	6
0.0426988	91	1
0.0182319	91	0
0.00778478	91	0
0.003324	91	0
0.00141931	91	0
0.000606028	91	0
0.000258766	91	0
0.00011049	91	0
4.71779e-05	91	0
2.01444e-05	91	0

0.1	92	6
0.0426988	92	1
0.0182319	92	1
0.00778478	92	0
0.003324	92	0
0.00141931	92	0
0.000606028	92	0
0.000258766	92	0
0.00011049	92	0
4.71779e-05	92	0
2.01444e-05	92	0

0.1	93	6
0.0426988	93	1
0.0182319	93	0
0.00778478	93	0
0.003324	93	0
0.00141931	93	0
0.000606028	93	0
0.000258766	93	0
0.00011049	93	0
4.71779e-05	93	0
2.01444e-05	93	0

0.1	94	5
0.0426988	94	1
0.0182319	94	0
0.00778478	94	1
0.003324	94	2
0.00141931	94	0
0.000606028	94	0
0.000258766	94	0
0.00011049	94	0
4.71779e-05	94	0
2.01444e-05	94	0

0.1	95	0
0.0426988	95	0
0.0182319	95	0
0.00778478	95	0
0.003324	95	0
0.00141931	95	0
0.000606028	95	0
0.000258766	95	0
0.00011049	95	0
4.71779e-05	95	0
2.01444e-05	95	0

0.1	96	2
0.0426988	96	2
0.0182319	96	0
0.00778478	96	0
0.003324	96	0
0.00141931	96	0
0.000606028	96	0
0.000258766	96	0
0.00011049	96	0
4.71779e-05	96	0
2.01444e-05	96	0

0.1	97	3
0.0426988	97	0
0.0182319	97	0
0.00778478	97	0
0.003324	97	0
0.00141931	97	0
0.000606028	97	0
0.000258766	97	0
0.00011049	97	0
4.71779e-05	97	0
2.01444e-05	97	0

0.1	98	5
0.0426988	98	0
0.0182319	98	0
0.00778478	98	0
0.003324	98	0
0.00141931	98	0
0.000606028	98	0
0.000258766	98	0
0.00011049	98	0
4.71779e-05	98	0
2.01444e-05	98	0

0.1	99	0
0.0426988	99	1
0.0182319	99	0
0.00778478	99	0
0.003324	99	0
0.00141931	99	0
0.000606028	99	0
0.000258766	99	0
0.00011049	99	0
4.71779e-05	99	0
2.01444e-05	99	0

0.1	100	1
0.0426988	100	0
0.0182319	100	0
0.00778478	100	0
0.003324	100	0
0.00141931	100	1
0.000606028	100	0
0.000258766	100	0
0.00011049	100	0
4.71779e-05	100	0
2.01444e-05	100	0

0.1	101	3
0.0426988	101	1
0.0182319	101	1
0.00778478	101	0
0.003324	101	0
0.00141931	101	0
0.000606028	101	0
0.000258766	101	0
0.00011049	101	0
4.71779e-05	101	0
2.01444e-05	101	0

0.1	102	5
0.0426988	102	0
0.0182319	102	0
0.00778478	102	0
0.003324	102	0
0.00141931	102	0
0.000606028	102	0
0.000258766	102	0
0.00011049	102	0
4.71779e-05	102	0
2.01444e-05	102	0

0.1	103	4
0.0426988	103	3
0.0182319	103	0
0.00778478	103	0
0.003324	103	0
0.00141931	103	0
0.000606028	103	0
0.000258766	103	0
0.00011049	103	0
4.71779e-05	103	0
2.01444e-05	103	0

0.1	104	2
0.0426988	104	2
0.0182319	104	2
0.00778478	104	0
0.003324	104	0
0.00141931	104	0
0.000606028	104	0
0.000258766	104	0
0.00011049	104	0
4.71779e-05	104	0
2.01444e-05	104	0

0.1	105	6
0.0426988	105	0
0.0182319	105	0
0.00778478	105	0
0.003324	105	0
0.00141931	105	0
0.000606028	105	0
0.000258766	105	0
0.00011049	105	0
4.71779e-05	105	0
2.01444e-05	105	0

0.1	106	5
0.0426988	106	1
0.0182319	106	0
0.00778478	106	0
0.003324	106	0
0.00141931	106	0
0.000606028	106	0
0.000258766	106	0
0.00011049	106	0
4.71779e-05	106	0
2.01444e-05	106	0

0.1	107	2
0.0426988	107	0
0.0182319	107	0
0.00778478	107	0
0.003324	107	0
0.00141931	107	0
0.000606028	107	0
0.000258766	107	0
0.00011049	107	0
4.71779e-05	107	0
2.01444e-05	107	0

0.1	108	0
0.0426988	108	2
0.0182319	108	0
0.00778478	108	0
0.003324	108	1
0.00141931	108	1
0.000606028	108	0
0.000258766	108	0
0.00011049	108	0
4.71779e-05	108	0
2.01444e-05	108	0

0.1	109	5
0.0426988	109	4
0.0182319	109	1
0.00778478	109	0
0.003324	109	0
0.00141931	109	0
0.000606028	109	0
0.000258766	109	1
0.00011049	109	0
4.71779e-05	109	0
2.01444e-05	109	0

0.1	110	6
0.0426988	110	1
0.0182319	110	0
0.00778478	110	0
0.003324	110	0
0.00141931	110	0
0.000606028	110	0
0.000258766	110	0
0.00011049	110	0
4.71779e-05	110	0
2.01444e-05	110	0

0.1	111	5
0.0426988	111	1
0.0182319	111	0
0.00778478	111	0
0.003324	111	0
0.00141931	111	0
0.000606028	111	0
0.000258766	111	0
0.00011049	111	0
4.71779e-05	111	0
2.01444e-05	111	0

0.1	112	5
0.0426988	112	1
0.0182319	112	0
0.00778478	112	0
0.003324	112	0
0.00141931	112	0
0.000606028	112	0
0.000258766	112	0
0.00011049	112	0
4.71779e-05	112	0
2.01444e-05	112	0

0.1	113	3
0.0426988	113	2
0.0182319	113	0
0.00778478	113	0
0.003324	113	0
0.00141931	113	0
0.000606028	113	0
0.000258766	113	0
0.00011049	113	0
4.71779e-05	113	0
2.01444e-05	113	0

0.1	114	8
0.0426988	114	3
0.0182319	114	2
0.00778478	114	0
0.003324	114	0
0.00141931	114	0
0.000606028	114	0
0.000258766	114	0
0.00011049	114	0
4.71779e-05	114	0
2.01444e-05	114	0

0.1	115	5
0.0426988	115	0
0.0182319	115	1
0.00778478	115	0
0.003324	115	0
0.00141931	115	0
0.000606028	115	0
0.000258766	115	0
0.00011049	115	0
4.71779e-05	115	0
2.01444e-05	115	0

0.1	116	2
0.0426988	116	3
0.0182319	116	0
0.00778478	116	0
0.003324	116	0
0.00141931	116	0
0.000606028	116	0
0.000258766	116	0
0.00011049	116	0
4.71779e-05	116	0
2.01444e-05	116	0

0.1	117	0
0.0426988	117	2
0.0182319	117	0
0.00778478	117	0
0.003324	117	0
0.00141931	117	0
0.000606028	117	0
0.000258766	117	0
0.00011049	117	0
4.71779e-05	117	0
2.01444e-05	117	0

0.1	118	6
0.0426988	118	1
0.0182319	118	0
0.00778478	118	0
0.003324	118	0
0.00141931	118	0
0.000606028	118	0
0.000258766	118	0
0.00011049	118	0
4.71779e-05	118	0
2.01444e-05	118	0

0.1	119	2
0.0426988	119	1
0.0182319	119	0
0.00778478	119	0
0.003324	119	0
0.00141931	119	0
0.000606028	119	0
0.000258766	119	0
0.00011049	119	0
4.71779e-05	119	0
2.01444e-05	119	0

0.1	120	5
0.0426988	120	3
0.0182319	120	0
0.00778478	120	0
0.003324	120	0
0.00141931	120	0
0.000606028	120	0
0.000258766	120	0
0.00011049	120	0
4.71779e-05	120	0
2.01444e-05	120	0

0.1	121	4
0.0426988	121	0
0.0182319	121	0
0.00778478	121	0
0.003324	121	0
0.00141931	121	0
0.000606028	121	0
0.000258766	121	0
0.00011049	121	0
4.71779e-05	121	0
2.01444e-05	121	0

0.1	122	5
0.0426988	122	2
0.0182319	122	0
0.00778478	122	0
0.003324	122	0
0.00141931	122	0
0.000606028	122	0
0.000258766	122	0
0.00011049	122	0
4.71779e-05	122	0
2.01444e-05	122	0

0.1	123	3
0.0426988	123	4
0.0182319	123	2
0.00778478	123	0
0.003324	123	0
0.00141931	123	0
0.000606028	123	0
0.000258766	123	0
0.00011049	123	0
4.71779e-05	123	0
2.01444e-05	123	0

0.1	124	3
0.0426988	124	1
0.0182319	124	0
0.00778478	124	0
0.003324	124	0
0.00141931	124	0
0.000606028	124	0
0.000258766	124	0
0.00011049	124	0
4.71779e-05	124	0
2.01444e-05	124	0

0.1	125	6
0.0426988	125	2
0.0182319	125	1
0.00778478	125	0
0.003324	125	0
0.00141931	125	0
0.000606028	125	0
0.000258766	125	0
0.00011049	125	0
4.71779e-05	125	0
2.01444e-05	125	0

0.1	126	7
0.0426988	126	0
0.0182319	126	0
0.00778478	126	0
0.003324	126	0
0.00141931	126	0
0.000606028	126	0
0.000258766	126	0
0.00011049	126	0
4.71779e-05	126	0
2.01444e-05	126	0

0.1	127	5
0.0426988	127	1
0.0182319	127	0
0.00778478	127	0
0.003324	127	0
0.00141931	127	0
0.000606028	127	0
0.000258766	127	0
0.00011049	127	0
4.71779e-05	127	0
2.01444e-05	127	0

0.1	128	3
0.0426988	128	0
0.0182319	128	0
0.00778478	128	0
0.003324	128	0
0.00141931	128	0
0.000606028	128	0
0.000258766	128	0
0.00011049	128	0
4.71779e-05	128	0
2.01444e-05	128	0

0.1	129	5
0.0426988	129	3
0.0182319	129	0
0.00778478	129	0
0.003324	129	0
0.00141931	129	0
0.000606028	129	0
0.000258766	129	0
0.00011049	129	0
4.71779e-05	129	0
2.01444e-05	129	0

0.1	130	1
0.0426988	130	0
0.0182319	130	0
0.00778478	130	0
0.003324	130	0
0.00141931	130	0
0.000606028	130	0
0.000258766	130	0
0.00011049	130	0
4.71779e-05	130	0
2.01444e-05	130	0

0.1	131	4
0.0426988	131	0
0.0182319	131	0
0.00778478	131	0
0.003324	131	0
0.00141931	131	0
0.000606028	131	0
0.000258766	131	0
0.00011049	131	0
4.71779e-05	131	0
2.01444e-05	131	0

0.1	132	4
0.0426988	132	0
0.0182319	132	1
0.00778478	132	0
0.003324	132	0
0.00141931	132	0
0.000606028	132	0
0.000258766	132	0
0.00011049	132	0
4.71779e-05	132	0
2.01444e-05	132	0

0.1	133	4
0.0426988	133	1
0.0182319	133	0
0.00778478	133	0
0.003324	133	0
0.00141931	133	0
0.000606028	133	0
0.000258766	133	0
0.00011049	133	0
4.71779e-05	133	0
2.01444e-05	133	0

0.1	134	6
0.0426988	134	3
0.0182319	134	1
0.00778478	134	0
0.003324	134	0
0.00141931	134	0
0.000606028	134	0
0.000258766	134	0
0.00011049	134	0
4.71779e-05	134	0
2.01444e-05	134	0

0.1	135	2
0.0426988	135	2
0.0182319	135	0
0.00778478	135	0
0.003324	135	0
0.00141931	135	0
0.000606028	135	0
0.000258766	135	0
0.00011049	135	0
4.71779e-05	135	0
2.01444e-05	135	0

0.1	136	4
0.0426988	136	3
0.0182319	136	0
0.00778478	136	0
0.003324	136	0
0.00141931	136	0
0.000606028	136	1
0.000258766	136	0
0.00011049	136	0
4.71779e-05	136	0
2.01444e-05	136	0

0.1	137	0
0.0426988	137	1
0.0182319	137	0
0.00778478	137	0
0.003324	137	0
0.00141931	137	0
0.000606028	137	0
0.000258766	137	0
0.00011049	137	0
4.71779e-05	137	0
2.01444e-05	137	0

0.1	138	3
0.0426988	138	4
0.0182319	138	2
0.00778478	138	1
0.003324	138	0
0.00141931	138	0
0.000606028	138	1
0.000258766	138	0
0.00011049	138	0
4.71779e-05	138	0
2.01444e-05	138	0

0.1	139	3
0.0426988	139	1
0.0182319	139	0
0.00778478	139	0
0.003324	139	0
0.00141931	139	0
0.000606028	139	0
0.000258766	139	0
0.00011049	139	0
4.71779e-05	139	0
2.01444e-05	139	0

0.1	140	1
0.0426988	140	1
0.0182319	140	0
0.00778478	140	0
0.003324	140	0
0.00141931	140	0
0.000606028	140	0
0.000258766	140	0
0.00011049	140	0
4.71779e-05	140	0
2.01444e-05	140	0

0.1	141	4
0.0426988	141	1
0.0182319	141	1
0.00778478	141	0
0.003324	141	1
0.00141931	141	0
0.000606028	141	0
0.000258766	141	0
0.00011049	141	0
4.71779e-05	141	0
2.01444e-05	141	0

0.1	142	4
0.0426988	142	1
0.0182319	142	0
0.00778478	142	0
0.003324	142	0
0.00141931	142	0
0.000606028	142	0
0.000258766	142	0
0.00011049	142	0
4.71779e-05	142	0
2.01444e-05	142	0

0.1	143	3
0.0426988	143	0
0.0182319	143	1
0.00778478	143	0
0.003324	143	0
0.00141931	143	0
0.000606028	143	0
0.000258766	143	0
0.00011049	143	0
4.71779e-05	143	0
2.01444e-05	143	0

0.1	144	5
0.0426988	144	0
0.0182319	144	0
0.00778478	144	0
0.003324	144	0
0.00141931	144	1
0.000606028	144	0
0.000258766	144	0
0.00011049	144	1
4.71779e-05	144	0
2.01444e-05	144	0

0.1	145	2
0.0426988	145	3
0.0182319	145	0
0.00778478	145	0
0.003324	145	0
0.00141931	145	0
0.000606028	145	0
0.000258766	145	0
0.00011049	145	0
4.71779e-05	145	0
2.01444e-05	145	0

0.1	146	4
0.0426988	146	0
0.0182319	146	1
0.00778478	146	0
0.003324	146	0
0.00141931	146	0
0.000606028	146	0
0.000258766	146	0
0.00011049	146	0
4.71779e-05	146	0
2.01444e-05	146	0

0.1	147	4
0.0426988	147	0
0.0182319	147	1
0.00778478	147	0
0.003324	147	0
0.00141931	147	0
0.000606028	147	0
0.000258766	147	0
0.00011049	147	0
4.71779e-05	147	0
2.01444e-05	147	0

0.1	148	6
0.0426988	148	0
0.0182319	148	0
0.00778478	148	0
0.003324	148	0
0.00141931	148	0
0.000606028	148	0
0.000258766	148	0
0.00011049	148	0
4.71779e-05	148	0
2.01444e-05	148	0

0.1	149	2
0.0426988	149	1
0.0182319	149	0
0.00778478	149	0
0.003324	149	1
0.00141931	149	0
0.000606028	149	0
0.000258766	149	0
0.00011049	149	0
4.71779e-05	149	0
2.01444e-05	149	0

0.1	150	2
0.0426988	150	2
0.0182319	150	1
0.00778478	150	0
0.003324	150	0
0.00141931	150	0
0.000606028	150	0
0.000258766	150	0
0.00011049	150	1
4.71779e-05	150	0
2.01444e-05	150	0

0.1	151	5
0.0426988	151	0
0.0182319	151	0
0.00778478	151	0
0.003324	151	0
0.00141931	151	0
0.000606028	151	0
0.000258766	151	0
0.00011049	151	0
4.71779e-05	151	0
2.01444e-05	151	0

0.1	152	1
0.0426988	152	0
0.0182319	152	0
0.00778478	152	0
0.003324	152	0
0.00141931	152	0
0.000606028	152	0
0.000258766	152	0
0.00011049	152	0
4.71779e-05	152	0
2.01444e-05	152	0

0.1	153	1
0.0426988	153	0
0.0182319	153	0
0.00778478	153	0
0.003324	153	0
0.00141931	153	0
0.000606028	153	0
0.000258766	153	0
0.00011049	153	0
4.71779e-05	153	0
2.01444e-05	153	0

0.1	154	4
0.0426988	154	3
0.0182319	154	1
0.00778478	154	1
0.003324	154	1
0.00141931	154	0
0.000606028	154	0
0.000258766	154	0
0.00011049	154	0
4.71779e-05	154	0
2.01444e-05	154	0

0.1	155	3
0.0426988	155	1
0.0182319	155	1
0.00778478	155	0
0.003324	155	0
0.00141931	155	0
0.000606028	155	0
0.000258766	155	0
0.00011049	155	0
4.71779e-05	155	0
2.01444e-05	155	0

0.1	156	3
0.0426988	156	1
0.0182319	156	1
0.00778478	156	0
0.003324	156	0
0.00141931	156	0
0.000606028	156	0
0.000258766	156	0
0.00011049	156	0
4.71779e-05	156	0
2.01444e-05	156	0

0.1	157	4
0.0426988	157	1
0.0182319	157	0
0.00778478	157	0
0.003324	157	0
0.00141931	157	0
0.000606028	157	1
0.000258766	157	0
0.00011049	157	0
4.71779e-05	157	0
2.01444e-05	157	0

0.1	158	2
0.0426988	158	0
0.0182319	158	0
0.00778478	158	0
0.003324	158	0
0.00141931	158	0
0.000606028	158	0
0.000258766	158	0
0.00011049	158	0
4.71779e-05	158	0
2.01444e-05	158	0

0.1	159	6
0.0426988	159	2
0.0182319	159	0
0.00778478	159	1
0.003324	159	0
0.00141931	159	0
0.000606028	159	0
0.000258766	159	0
0.00011049	159	0
4.71779e-05	159	0
2.01444e-05	159	0

0.1	160	4
0.0426988	160	1
0.0182319	160	0
0.00778478	160	0
0.003324	160	0
0.00141931	160	0
0.000606028	160	0
0.000258766	160	0
0.00011049	160	0
4.71779e-05	160	0
2.01444e-05	160	0

0.1	161	8
0.0426988	161	0
0.0182319	161	0
0.00778478	161	0
0.003324	161	1
0.00141931	161	0
0.000606028	161	0
0.000258766	161	0
0.00011049	161	0
4.71779e-05	161	0
2.01444e-05	161	0

0.1	162	2
0.0426988	162	1
0.0182319	162	1
0.00778478	162	0
0.003324	162	0
0.00141931	162	0
0.000606028	162	0
0.000258766	162	0
0.00011049	162	0
4.71779e-05	162	0
2.01444e-05	162	0

0.1	163	1
0.0426988	163	2
0.0182319	163	0
0.00778478	163	1
0.003324	163	0
0.00141931	163	1
0.000606028	163	0
0.000258766	163	0
0.00011049	163	0
4.71779e-05	163	0
2.01444e-05	163	0

0.1	164	4
0.0426988	164	0
0.0182319	164	0
0.00778478	164	0
0.003324	164	1
0.00141931	164	0
0.000606028	164	0
0.000258766	164	0
0.00011049	164	0
4.71779e-05	164	0
2.01444e-05	164	0

0.1	165	4
0.0426988	165	0
0.0182319	165	0
0.00778478	165	0
0.003324	165	0
0.00141931	165	0
0.000606028	165	0
0.000258766	165	0
0.00011049	165	0
4.71779e-05	165	0
2.01444e-05	165	0

0.1	166	4
0.0426988	166	0
0.0182319	166	0
0.00778478	166	0
0.003324	166	0
0.00141931	166	0
0.000606028	166	0
0.000258766	166	0
0.00011049	166	0
4.71779e-05	166	0
2.01444e-05	166	0

0.1	167	2
0.0426988	167	2
0.0182319	167	1
0.00778478	167	0
0.003324	167	0
0.00141931	167	0
0.000606028	167	0
0.000258766	167	0
0.00011049	167	0
4.71779e-05	167	0
2.01444e-05	167	0

0.1	168	2
0.0426988	168	0
0.0182319	168	0
0.00778478	168	0
0.003324	168	0
0.00141931	168	0
0.000606028	168	0
0.000258766	168	0
0.00011049	168	0
4.71779e-05	168	0
2.01444e-05	168	0

0.1	169	4
0.0426988	169	3
0.0182319	169	0
0.00778478	169	0
0.003324	169	0
0.00141931	169	0
0.000606028	169	0
0.000258766	169	0
0.00011049	169	0
4.71779e-05	169	0
2.01444e-05	169	0

0.1	170	4
0.0426988	170	2
0.0182319	170	0
0.00778478	170	1
0.003324	170	0
0.00141931	170	0
0.000606028	170	0
0.000258766	170	0
0.00011049	170	0
4.71779e-05	170	0
2.01444e-05	170	0

0.1	171	7
0.0426988	171	0
0.0182319	171	0
0.00778478	171	0
0.003324	171	0
0.00141931	171	0
0.000606028	171	1
0.000258766	171	0
0.00011049	171	0
4.71779e-05	171	0
2.01444e-05	171	0

0.1	172	3
0.0426988	172	3
0.0182319	172	0
0.00778478	172	0
0.003324	172	0
0.00141931	172	0
0.000606028	172	0
0.000258766	172	0
0.00011049	172	0
4.71779e-05	172	0
2.01444e-05	172	0

0.1	173	4
0.0426988	173	2
0.0182319	173	1
0.00778478	173	1
0.003324	173	0
0.00141931	173	0
0.000606028	173	0
0.000258766	173	0
0.00011049	173	1
4.71779e-05	173	0
2.01444e-05	173	0

0.1	174	7
0.0426988	174	2
0.0182319	174	0
0.00778478	174	0
0.003324	174	0
0.00141931	174	0
0.000606028	174	0
0.000258766	174	0
0.00011049	174	0
4.71779e-05	174	0
2.01444e-05	174	0

0.1	175	3
0.0426988	175	1
0.0182319	175	1
0.00778478	175	1
0.003324	175	0
0.00141931	175	0
0.000606028	175	0
0.000258766	175	0
0.00011049	175	0
4.71779e-05	175	0
2.01444e-05	175	0

0.1	176	2
0.0426988	176	3
0.0182319	176	0
0.00778478	176	0
0.003324	176	0
0.00141931	176	0
0.000606028	176	0
0.000258766	176	0
0.00011049	176	0
4.71779e-05	176	0
2.01444e-05	176	0

0.1	177	4
0.0426988	177	1
0.0182319	177	0
0.00778478	177	0
0.003324	177	1
0.00141931	177	0
0.000606028	177	0
0.000258766	177	0
0.00011049	177	0
4.71779e-05	177	0
2.01444e-05	177	0

0.1	178	5
0.0426988	178	1
0.0182319	178	0
0.00778478	178	0
0.003324	178	0
0.00141931	178	1
0.000606028	178	0
0.000258766	178	0
0.00011049	178	0
4.71779e-05	178	0
2.01444e-05	178	0

0.1	179	5
0.0426988	179	4
0.0182319	179	0
0.00778478	179	0
0.003324	179	0
0.00141931	179	0
0.000606028	179	0
0.000258766	179	0
0.00011049	179	0
4.71779e-05	179	0
2.01444e-05	179	0

0.1	180	3
0.0426988	180	1
0.0182319	180	1
0.00778478	180	0
0.003324	180	1
0.00141931	180	0
0.000606028	180	0
0.000258766	180	0
0.00011049	180	0
4.71779e-05	180	0
2.01444e-05	180	0

0.1	181	4
0.0426988	181	0
0.0182319	181	0
0.00778478	181	1
0.003324	181	0
0.00141931	181	0
0.000606028	181	0
0.000258766	181	0
0.00011049	181	0
4.71779e-05	181	0
2.01444e-05	181	0

0.1	182	3
0.0426988	182	3
0.0182319	182	0
0.00778478	182	2
0.003324	182	0
0.00141931	182	0
0.000606028	182	0
0.000258766	182	0
0.00011049	182	0
4.71779e-05	182	0
2.01444e-05	182	0

0.1	183	1
0.0426988	183	0
0.0182319	183	0
0.00778478	183	3
0.003324	183	3
0.00141931	183	1
0.000606028	183	0
0.000258766	183	0
0.00011049	183	0
4.71779e-05	183	0
2.01444e-05	183	0

0.1	184	4
0.0426988	184	2
0.0182319	184	1
0.00778478	184	0
0.003324	184	0
0.00141931	184	0
0.000606028	184	0
0.000258766	184	0
0.00011049	184	0
4.71779e-05	184	0
2.01444e-05	184	0

0.1	185	1
0.0426988	185	3
0.0182319	185	0
0.00778478	185	0
0.003324	185	0
0.00141931	185	0
0.000606028	185	0
0.000258766	185	0
0.00011049	185	0
4.71779e-05	185	0
2.01444e-05	185	0

0.1	186	8
0.0426988	186	2
0.0182319	186	1
0.00778478	186	0
0.003324	186	0
0.00141931	186	0
0.000606028	186	0
0.000258766	186	0
0.00011049	186	0
4.71779e-05	186	0
2.01444e-05	186	0

0.1	187	4
0.0426988	187	2
0.0182319	187	0
0.00778478	187	1
0.003324	187	0
0.00141931	187	0
0.000606028	187	0
0.000258766	187	0
0.00011049	187	0
4.71779e-05	187	0
2.01444e-05	187	0

0.1	188	3
0.0426988	188	5
0.0182319	188	1
0.00778478	188	0
0.003324	188	0
0.00141931	188	0
0.000606028	188	0
0.000258766	188	0
0.00011049	188	0
4.71779e-05	188	0
2.01444e-05	188	0

0.1	189	3
0.0426988	189	0
0.0182319	189	2
0.00778478	189	0
0.003324	189	0
0.00141931	189	0
0.000606028	189	0
0.000258766	189	0
0.00011049	189	0
4.71779e-05	189	0
2.01444e-05	189	0

0.1	190	1
0.0426988	190	3
0.0182319	190	2
0.00778478	190	0
0.003324	190	0
0.00141931	190	0
0.000606028	190	0
0.000258766	190	0
0.00011049	190	0
4.71779e-05	190	0
2.01444e-05	190	0

0.1	191	1
0.0426988	191	1
0.0182319	191	0
0.00778478	191	1
0.003324	191	1
0.00141931	191	0
0.000606028	191	0
0.000258766	191	0
0.00011049	191	0
4.71779e-05	191	0
2.01444e-05	191	0

0.1	192	1
0.0426988	192	1
0.0182319	192	0
0.00778478	192	0
0.003324	192	0
0.00141931	192	0
0.000606028	192	0
0.000258766	192	0
0.00011049	192	0
4.71779e-05	192	0
2.01444e-05	192	0

0.1	193	5
0.0426988	193	1
0.0182319	193	0
0.00778478	193	1
0.003324	193	0
0.00141931	193	0
0.000606028	193	0
0.000258766	193	0
0.00011049	193	0
4.71779e-05	193	0
2.01444e-05	193	0

0.1	194	1
0.0426988	194	1
0.0182319	194	0
0.00778478	194	0
0.003324	194	0
0.00141931	194	0
0.000606028	194	0
0.000258766	194	0
0.00011049	194	0
4.71779e-05	194	0
2.01444e-05	194	0

0.1	195	2
0.0426988	195	3
0.0182319	195	0
0.00778478	195	0
0.003324	195	0
0.00141931	195	0
0.000606028	195	0
0.000258766	195	0
0.00011049	195	0
4.71779e-05	195	0
2.01444e-05	195	0

0.1	196	1
0.0426988	196	2
0.0182319	196	0
0.00778478	196	1
0.003324	196	0
0.00141931	196	0
0.000606028	196	0
0.000258766	196	0
0.00011049	196	0
4.71779e-05	196	0
2.01444e-05	196	0

0.1	197	6
0.0426988	197	4
0.0182319	197	0
0.00778478	197	0
0.003324	197	0
0.00141931	197	0
0.000606028	197	0
0.000258766	197	0
0.00011049	197	0
4.71779e-05	197	0
2.01444e-05	197	0

0.1	198	1
0.0426988	198	3
0.0182319	198	0
0.00778478	198	0
0.003324	198	0
0.00141931	198	0
0.000606028	198	0
0.000258766	198	0
0.00011049	198	0
4.71779e-05	198	0
2.01444e-05	198	0

0.1	199	6
0.0426988	199	2
0.0182319	199	0
0.00778478	199	0
0.003324	199	0
0.00141931	199	0
0.000606028	199	0
0.000258766	199	0
0.00011049	199	0
4.71779e-05	199	0
2.01444e-05	199	0

0.1	200	2
0.0426988	200	1
0.0182319	200	1
0.00778478	200	1
0.003324	200	0
0.00141931	200	0
0.000606028	200	0
0.000258766	200	0
0.00011049	200	0
4.71779e-05	200	0
2.01444e-05	200	0

0.1	201	3
0.0426988	201	4
0.0182319	201	0
0.00778478	201	1
0.003324	201	1
0.00141931	201	0
0.000606028	201	0
0.000258766	201	1
0.00011049	201	0
4.71779e-05	201	0
2.01444e-05	201	0

0.1	202	4
0.0426988	202	0
0.0182319	202	4
0.00778478	202	0
0.003324	202	0
0.00141931	202	0
0.000606028	202	1
0.000258766	202	0
0.00011049	202	0
4.71779e-05	202	0
2.01444e-05	202	0

0.1	203	0
0.0426988	203	1
0.0182319	203	0
0.00778478	203	0
0.003324	203	0
0.00141931	203	0
0.000606028	203	0
0.000258766	203	0
0.00011049	203	0
4.71779e-05	203	0
2.01444e-05	203	0

0.1	204	6
0.0426988	204	3
0.0182319	204	0
0.00778478	204	0
0.003324	204	1
0.00141931	204	0
0.000606028	204	1
0.000258766	204	0
0.00011049	204	0
4.71779e-05	204	0
2.01444e-05	204	0

0.1	205	4
0.0426988	205	3
0.0182319	205	1
0.00778478	205	0
0.003324	205	0
0.00141931	205	0
0.000606028	205	0
0.000258766	205	0
0.00011049	205	0
4.71779e-05	205	0
2.01444e-05	205	0

0.1	206	5
0.0426988	206	2
0.0182319	206	0
0.00778478	206	1
0.003324	206	2
0.00141931	206	0
0.000606028	206	0
0.000258766	206	0
0.00011049	206	0
4.71779e-05	206	0
2.01444e-05	206	0

0.1	207	2
0.0426988	207	1
0.0182319	207	0
0.00778478	207	0
0.003324	207	0
0.00141931	207	1
0.000606028	207	1
0.000258766	207	0
0.00011049	207	0
4.71779e-05	207	0
2.01444e-05	207	0

0.1	208	3
0.0426988	208	1
0.0182319	208	0
0.00778478	208	0
0.003324	208	0
0.00141931	208	0
0.000606028	208	0
0.000258766	208	0
0.00011049	208	0
4.71779e-05	208	0
2.01444e-05	208	0

0.1	209	6
0.0426988	209	2
0.0182319	209	1
0.00778478	209	0
0.003324	209	0
0.00141931	209	0
0.000606028	209	0
0.000258766	209	0
0.00011049	209	0
4.71779e-05	209	0
2.01444e-05	209	0

0.1	210	3
0.0426988	210	1
0.0182319	210	0
0.00778478	210	0
0.003324	210	0
0.00141931	210	0
0.000606028	210	0
0.000258766	210	0
0.00011049	210	0
4.71779e-05	210	0
2.01444e-05	210	0

0.1	211	4
0.0426988	211	2
0.0182319	211	0
0.00778478	211	1
0.003324	211	0
0.00141931	211	0
0.000606028	211	0
0.000258766	211	0
0.00011049	211	0
4.71779e-05	211	0
2.01444e-05	211	0

0.1	212	6
0.0426988	212	3
0.0182319	212	0
0.00778478	212	0
0.003324	212	0
0.00141931	212	0
0.000606028	212	0
0.000258766	212	0
0.00011049	212	0
4.71779e-05	212	0
2.01444e-05	212	0

0.1	213	15
0.0426988	213	3
0.0182319	213	0
0.00778478	213	0
0.003324	213	0
0.00141931	213	0
0.000606028	213	0
0.000258766	213	0
0.00011049	213	0
4.71779e-05	213	0
2.01444e-05	213	0

0.1	214	5
0.0426988	214	3
0.0182319	214	2
0.00778478	214	0
0.003324	214	1
0.00141931	214	0
0.000606028	214	0
0.000258766	214	0
0.00011049	214	0
4.71779e-05	214	0
2.01444e-05	214	0

0.1	215	5
0.0426988	215	2
0.0182319	215	0
0.00778478	215	1
0.003324	215	1
0.00141931	215	0
0.000606028	215	0
0.000258766	215	0
0.00011049	215	0
4.71779e-05	215	0
2.01444e-05	215	0

0.1	216	5
0.0426988	216	2
0.0182319	216	0
0.00778478	216	0
0.003324	216	0
0.00141931	216	0
0.000606028	216	1
0.000258766	216	0
0.00011049	216	0
4.71779e-05	216	0
2.01444e-05	216	0

0.1	217	2
0.0426988	217	1
0.0182319	217	0
0.00778478	217	0
0.003324	217	0
0.00141931	217	0
0.000606028	217	0
0.000258766	217	0
0.00011049	217	0
4.71779e-05	217	0
2.01444e-05	217	0

0.1	218	4
0.0426988	218	1
0.0182319	218	0
0.00778478	218	2
0.003324	218	0
0.00141931	218	0
0.000606028	218	0
0.000258766	218	0
0.00011049	218	0
4.71779e-05	218	0
2.01444e-05	218	0

0.1	219	5
0.0426988	219	0
0.0182319	219	1
0.00778478	219	0
0.003324	219	0
0.00141931	219	0
0.000606028	219	0
0.000258766	219	0
0.00011049	219	0
4.71779e-05	219	0
2.01444e-05	219	0

0.1	220	5
0.0426988	220	3
0.0182319	220	0
0.00778478	220	0
0.003324	220	1
0.00141931	220	0
0.000606028	220	0
0.000258766	220	0
0.00011049	220	0
4.71779e-05	220	0
2.01444e-05	220	0

0.1	221	5
0.0426988	221	3
0.0182319	221	0
0.00778478	221	0
0.003324	221	1
0.00141931	221	1
0.000606028	221	0
0.000258766	221	0
0.00011049	221	0
4.71779e-05	221	0
2.01444e-05	221	0

0.1	222	1
0.0426988	222	3
0.0182319	222	0
0.00778478	222	0
0.003324	222	0
0.00141931	222	0
0.000606028	222	0
0.000258766	222	0
0.00011049	222	0
4.71779e-05	222	0
2.01444e-05	222	0

0.1	223	8
0.0426988	223	3
0.0182319	223	1
0.00778478	223	3
0.003324	223	1
0.00141931	223	0
0.000606028	223	0
0.000258766	223	0
0.00011049	223	0
4.71779e-05	223	0
2.01444e-05	223	0

0.1	224	4
0.0426988	224	1
0.0182319	224	1
0.00778478	224	0
0.003324	224	0
0.00141931	224	1
0.000606028	224	0
0.000258766	224	0
0.00011049	224	0
4.71779e-05	224	0
2.01444e-05	224	0

0.1	225	3
0.0426988	225	0
0.0182319	225	1
0.00778478	225	0
0.003324	225	0
0.00141931	225	0
0.000606028	225	0
0.000258766	225	0
0.00011049	225	0
4.71779e-05	225	0
2.01444e-05	225	0

0.1	226	3
0.0426988	226	0
0.0182319	226	0
0.00778478	226	0
0.003324	226	0
0.00141931	226	0
0.000606028	226	0
0.000258766	226	0
0.00011049	226	0
4.71779e-05	226	0
2.01444e-05	226	0

0.1	227	5
0.0426988	227	3
0.0182319	227	0
0.00778478	227	0
0.003324	227	0
0.00141931	227	0
0.000606028	227	0
0.000258766	227	0
0.00011049	227	0
4.71779e-05	227	0
2.01444e-05	227	0

0.1	228	7
0.0426988	228	6
0.0182319	228	1
0.00778478	228	0
0.003324	228	0
0.00141931	228	0
0.000606028	228	0
0.000258766	228	0
0.00011049	228	0
4.71779e-05	228	0
2.01444e-05	228	0

0.1	229	4
0.0426988	229	0
0.0182319	229	3
0.00778478	229	0
0.003324	229	0
0.00141931	229	0
0.000606028	229	0
0.000258766	229	0
0.00011049	229	0
4.71779e-05	229	0
2.01444e-05	229	0

0.1	230	5
0.0426988	230	1
0.0182319	230	0
0.00778478	230	0
0.003324	230	0
0.00141931	230	0
0.000606028	230	0
0.000258766	230	0
0.00011049	230	0
4.71779e-05	230	0
2.01444e-05	230	0

0.1	231	2
0.0426988	231	3
0.0182319	231	1
0.00778478	231	1
0.003324	231	0
0.00141931	231	0
0.000606028	231	1
0.000258766	231	0
0.00011049	231	0
4.71779e-05	231	0
2.01444e-05	231	0

0.1	232	0
0.0426988	232	0
0.0182319	232	0
0.00778478	232	0
0.003324	232	0
0.00141931	232	0
0.000606028	232	0
0.000258766	232	0
0.00011049	232	0
4.71779e-05	232	0
2.01444e-05	232	0

0.1	233	5
0.0426988	233	2
0.0182319	233	0
0.00778478	233	0
0.003324	233	0
0.00141931	233	0
0.000606028	233	0
0.000258766	233	0
0.00011049	233	0
4.71779e-05	233	0
2.01444e-05	233	0

0.1	234	3
0.0426988	234	3
0.0182319	234	2
0.00778478	234	0
0.003324	234	0
0.00141931	234	0
0.000606028	234	0
0.000258766	234	0
0.00011049	234	0
4.71779e-05	234	0
2.01444e-05	234	0

0.1	235	4
0.0426988	235	2
0.0182319	235	1
0.00778478	235	1
0.003324	235	1
0.00141931	235	0
0.000606028	235	0
0.000258766	235	0
0.00011049	235	0
4.71779e-05	235	1
2.01444e-05	235	0

0.1	236	2
0.0426988	236	4
0.0182319	236	0
0.00778478	236	1
0.003324	236	0
0.00141931	236	0
0.000606028	236	0
0.000258766	236	0
0.00011049	236	0
4.71779e-05	236	0
2.01444e-05	236	0

0.1	237	3
0.0426988	237	1
0.0182319	237	3
0.00778478	237	0
0.003324	237	0
0.00141931	237	0
0.000606028	237	0
0.000258766	237	0
0.00011049	237	0
4.71779e-05	237	0
2.01444e-05	237	0

0.1	238	4
0.0426988	238	7
0.0182319	238	0
0.00778478	238	0
0.003324	238	2
0.00141931	238	1
0.000606028	238	0
0.000258766	238	0
0.00011049	238	0
4.71779e-05	238	0
2.01444e-05	238	0

0.1	239	2
0.0426988	239	4
0.0182319	239	0
0.00778478	239	2
0.003324	239	0
0.00141931	239	0
0.000606028	239	0
0.000258766	239	0
0.00011049	239	0
4.71779e-05	239	0
2.01444e-05	239	0

0.1	240	5
0.0426988	240	2
0.0182319	240	0
0.00778478	240	0
0.003324	240	1
0.00141931	240	0
0.000606028	240	0
0.000258766	240	0
0.00011049	240	0
4.71779e-05	240	0
2.01444e-05	240	0

0.1	241	2
0.0426988	241	0
0.0182319	241	1
0.00778478	241	0
0.003324	241	0
0.00141931	241	0
0.000606028	241	0
0.000258766	241	0
0.00011049	241	0
4.71779e-05	241	0
2.01444e-05	241	0

0.1	242	4
0.0426988	242	1
0.0182319	242	1
0.00778478	242	0
0.003324	242	1
0.00141931	242	0
0.000606028	242	0
0.000258766	242	0
0.00011049	242	0
4.71779e-05	242	0
2.01444e-05	242	0

0.1	243	5
0.0426988	243	5
0.0182319	243	1
0.00778478	243	0
0.003324	243	0
0.00141931	243	0
0.000606028	243	0
0.000258766	243	0
0.00011049	243	0
4.71779e-05	243	0
2.01444e-05	243	0

0.1	244	6
0.0426988	244	0
0.0182319	244	0
0.00778478	244	0
0.003324	244	0
0.00141931	244	0
0.000606028	244	0
0.000258766	244	0
0.00011049	244	0
4.71779e-05	244	0
2.01444e-05	244	0

0.1	245	5
0.0426988	245	3
0.0182319	245	0
0.00778478	245	0
0.003324	245	0
0.00141931	245	0
0.000606028	245	0
0.000258766	245	0
0.00011049	245	0
4.71779e-05	245	0
2.01444e-05	245	0

0.1	246	5
0.0426988	246	0
0.0182319	246	0
0.00778478	246	0
0.003324	246	0
0.00141931	246	0
0.000606028	246	0
0.000258766	246	0
0.00011049	246	0
4.71779e-05	246	0
2.01444e-05	246	0

0.1	247	5
0.0426988	247	2
0.0182319	247	0
0.00778478	247	0
0.003324	247	1
0.00141931	247	0
0.000606028	247	0
0.000258766	247	0
0.00011049	247	0
4.71779e-05	247	0
2.01444e-05	247	0

0.1	248	1
0.0426988	248	3
0.0182319	248	1
0.00778478	248	1
0.003324	248	0
0.00141931	248	1
0.000606028	248	0
0.000258766	248	0
0.00011049	248	0
4.71779e-05	248	0
2.01444e-05	248	0

0.1	249	5
0.0426988	249	2
0.0182319	249	2
0.00778478	249	0
0.003324	249	0
0.00141931	249	0
0.000606028	249	0
0.000258766	249	1
0.00011049	249	0
4.71779e-05	249	0
2.01444e-05	249	0

0.1	250	6
0.0426988	250	1
0.0182319	250	0
0.00778478	250	0
0.003324	250	1
0.00141931	250	0
0.000606028	250	0
0.000258766	250	1
0.00011049	250	0
4.71779e-05	250	0
2.01444e-05	250	0

0.1	251	3
0.0426988	251	1
0.0182319	251	1
0.00778478	251	1
0.003324	251	0
0.00141931	251	0
0.000606028	251	1
0.000258766	251	0
0.00011049	251	0
4.71779e-05	251	0
2.01444e-05	251	0

0.1	252	3
0.0426988	252	0
0.0182319	252	3
0.00778478	252	0
0.003324	252	0
0.00141931	252	1
0.000606028	252	0
0.000258766	252	0
0.00011049	252	0
4.71779e-05	252	0
2.01444e-05	252	0

0.1	253	7
0.0426988	253	2
0.0182319	253	0
0.00778478	253	0
0.003324	253	0
0.00141931	253	0
0.000606028	253	0
0.000258766	253	0
0.00011049	253	0
4.71779e-05	253	0
2.01444e-05	253	0

0.1	254	3
0.0426988	254	2
0.0182319	254	0
0.00778478	254	0
0.003324	254	0
0.00141931	254	0
0.000606028	254	0
0.000258766	254	0
0.00011049	254	0
4.71779e-05	254	0
2.01444e-05	254	0

0.1	255	4
0.0426988	255	0
0.0182319	255	1
0.00778478	255	0
0.003324	255	0
0.00141931	255	1
0.000606028	255	1
0.000258766	255	0
0.00011049	255	0
4.71779e-05	255	0
2.01444e-05	255	0

0.1	256	3
0.0426988	256	0
0.0182319	256	1
0.00778478	256	0
0.003324	256	1
0.00141931	256	0
0.000606028	256	0
0.000258766	256	0
0.00011049	256	0
4.71779e-05	256	0
2.01444e-05	256	0

0.1	257	3
0.0426988	257	2
0.0182319	257	0
0.00778478	257	0
0.003324	257	0
0.00141931	257	0
0.000606028	257	0
0.000258766	257	1
0.00011049	257	0
4.71779e-05	257	0
2.01444e-05	257	0

0.1	258	4
0.0426988	258	1
0.0182319	258	1
0.00778478	258	1
0.003324	258	0
0.00141931	258	0
0.000606028	258	0
0.000258766	258	0
0.00011049	258	0
4.71779e-05	258	0
2.01444e-05	258	0

0.1	259	5
0.0426988	259	1
0.0182319	259	0
0.00778478	259	0
0.003324	259	0
0.00141931	259	0
0.000606028	259	0
0.000258766	259	0
0.00011049	259	0
4.71779e-05	259	0
2.01444e-05	259	0

0.1	260	6
0.0426988	260	3
0.0182319	260	0
0.00778478	260	1
0.003324	260	0
0.00141931	260	0
0.000606028	260	0
0.000258766	260	0
0.00011049	260	0
4.71779e-05	260	0
2.01444e-05	260	0

0.1	261	3
0.0426988	261	4
0.0182319	261	0
0.00778478	261	0
0.003324	261	0
0.00141931	261	0
0.000606028	261	0
0.000258766	261	1
0.00011049	261	0
4.71779e-05	261	0
2.01444e-05	261	0

0.1	262	4
0.0426988	262	1
0.0182319	262	2
0.00778478	262	0
0.003324	262	0
0.00141931	262	0
0.000606028	262	0
0.000258766	262	0
0.00011049	262	0
4.71779e-05	262	0
2.01444e-05	262	0

0.1	263	2
0.0426988	263	1
0.0182319	263	0
0.00778478	263	2
0.003324	263	0
0.00141931	263	1
0.000606028	263	0
0.000258766	263	0
0.00011049	263	0
4.71779e-05	263	0
2.01444e-05	263	0

0.1	264	2
0.0426988	264	1
0.0182319	264	0
0.00778478	264	0
0.003324	264	1
0.00141931	264	0
0.000606028	264	0
0.000258766	264	0
0.00011049	264	0
4.71779e-05	264	0
2.01444e-05	264	0

0.1	265	1
0.0426988	265	0
0.0182319	265	0
0.00778478	265	0
0.003324	265	0
0.00141931	265	0
0.000606028	265	0
0.000258766	265	0
0.00011049	265	0
4.71779e-05	265	0
2.01444e-05	265	0

0.1	266	6
0.0426988	266	2
0.0182319	266	0
0.00778478	266	0
0.003324	266	0
0.00141931	266	0
0.000606028	266	0
0.000258766	266	0
0.00011049	266	0
4.71779e-05	266	0
2.01444e-05	266	0

0.1	267	6
0.0426988	267	3
0.0182319	267	0
0.00778478	267	0
0.003324	267	0
0.00141931	267	0
0.000606028	267	0
0.000258766	267	0
0.00011049	267	0
4.71779e-05	267	0
2.01444e-05	267	0

0.1	268	6
0.0426988	268	1
0.0182319	268	2
0.00778478	268	0
0.003324	268	0
0.00141931	268	0
0.000606028	268	0
0.000258766	268	0
0.00011049	268	0
4.71779e-05	268	0
2.01444e-05	268	0

0.1	269	3
0.0426988	269	4
0.0182319	269	3
0.00778478	269	2
0.003324	269	0
0.00141931	269	0
0.000606028	269	0
0.000258766	269	1
0.00011049	269	0
4.71779e-05	269	0
2.01444e-05	269	0

0.1	270	4
0.0426988	270	1
0.0182319	270	2
0.00778478	270	1
0.003324	270	2
0.00141931	270	0
0.000606028	270	0
0.000258766	270	0
0.00011049	270	0
4.71779e-05	270	0
2.01444e-05	270	0

0.1	271	7
0.0426988	271	1
0.0182319	271	0
0.00778478	271	0
0.003324	271	0
0.00141931	271	0
0.000606028	271	0
0.000258766	271	0
0.00011049	271	0
4.71779e-05	271	0
2.01444e-05	271	0

0.1	272	8
0.0426988	272	0
0.0182319	272	1
0.00778478	272	1
0.003324	272	1
0.00141931	272	0
0.000606028	272	0
0.000258766	272	0
0.00011049	272	0
4.71779e-05	272	0
2.01444e-05	272	0

0.1	273	2
0.0426988	273	1
0.0182319	273	1
0.00778478	273	1
0.003324	273	2
0.00141931	273	1
0.000606028	273	0
0.000258766	273	0
0.00011049	273	0
4.71779e-05	273	0
2.01444e-05	273	0

0.1	274	5
0.0426988	274	0
0.0182319	274	0
0.00778478	274	0
0.003324	274	0
0.00141931	274	0
0.000606028	274	0
0.000258766	274	0
0.00011049	274	0
4.71779e-05	274	0
2.01444e-05	274	0

0.1	275	2
0.0426988	275	1
0.0182319	275	1
0.00778478	275	0
0.003324	275	0
0.00141931	275	0
0.000606028	275	0
0.000258766	275	1
0.00011049	275	0
4.71779e-05	275	0
2.01444e-05	275	0

0.1	276	2
0.0426988	276	2
0.0182319	276	1
0.00778478	276	0
0.003324	276	1
0.00141931	276	0
0.000606028	276	0
0.000258766	276	0
0.00011049	276	0
4.71779e-05	276	0
2.01444e-05	276	0

0.1	277	7
0.0426988	277	0
0.0182319	277	3
0.00778478	277	0
0.003324	277	0
0.00141931	277	0
0.000606028	277	0
0.000258766	277	0
0.00011049	277	0
4.71779e-05	277	0
2.01444e-05	277	0

0.1	278	4
0.0426988	278	4
0.0182319	278	1
0.00778478	278	1
0.003324	278	0
0.00141931	278	1
0.000606028	278	0
0.000258766	278	0
0.00011049	278	0
4.71779e-05	278	1
2.01444e-05	278	0

0.1	279	2
0.0426988	279	2
0.0182319	279	1
0.00778478	279	0
0.003324	279	0
0.00141931	279	0
0.000606028	279	1
0.000258766	279	0
0.00011049	279	0
4.71779e-05	279	0
2.01444e-05	279	0

0.1	280	3
0.0426988	280	3
0.0182319	280	2
0.00778478	280	1
0.003324	280	0
0.00141931	280	0
0.000606028	280	0
0.000258766	280	0
0.00011049	280	0
4.71779e-05	280	0
2.01444e-05	280	0

0.1	281	3
0.0426988	281	2
0.0182319	281	0
0.00778478	281	0
0.003324	281	0
0.00141931	281	0
0.000606028	281	0
0.000258766	281	0
0.00011049	281	0
4.71779e-05	281	0
2.01444e-05	281	0

0.1	282	4
0.0426988	282	1
0.0182319	282	1
0.00778478	282	0
0.003324	282	0
0.00141931	282	0
0.000606028	282	0
0.000258766	282	0
0.00011049	282	0
4.71779e-05	282	0
2.01444e-05	282	0

0.1	283	7
0.0426988	283	0
0.0182319	283	0
0.00778478	283	0
0.003324	283	0
0.00141931	283	0
0.000606028	283	0
0.000258766	283	0
0.00011049	283	0
4.71779e-05	283	0
2.01444e-05	283	0

0.1	284	6
0.0426988	284	2
0.0182319	284	0
0.00778478	284	0
0.003324	284	0
0.00141931	284	1
0.000606028	284	0
0.000258766	284	0
0.00011049	284	0
4.71779e-05	284	0
2.01444e-05	284	0

0.1	285	1
0.0426988	285	4
0.0182319	285	0
0.00778478	285	0
0.003324	285	0
0.00141931	285	0
0.000606028	285	0
0.000258766	285	0
0.00011049	285	0
4.71779e-05	285	1
2.01444e-05	285	0

0.1	286	2
0.0426988	286	3
0.0182319	286	0
0.00778478	286	1
0.003324	286	1
0.00141931	286	0
0.000606028	286	0
0.000258766	286	0
0.00011049	286	0
4.71779e-05	286	0
2.01444e-05	286	0

0.1	287	1
0.0426988	287	3
0.0182319	287	2
0.00778478	287	1
0.003324	287	0
0.00141931	287	0
0.000606028	287	0
0.000258766	287	0
0.00011049	287	0
4.71779e-05	287	0
2.01444e-05	287	0

0.1	288	5
0.0426988	288	0
0.0182319	288	0
0.00778478	288	2
0.003324	288	1
0.00141931	288	0
0.000606028	288	0
0.000258766	288	0
0.00011049	288	0
4.71779e-05	288	0
2.01444e-05	288	0

0.1	289	4
0.0426988	289	3
0.0182319	289	1
0.00778478	289	0
0.003324	289	0
0.00141931	289	0
0.000606028	289	0
0.000258766	289	0
0.00011049	289	0
4.71779e-05	289	1
2.01444e-05	289	0

0.1	290	7
0.0426988	290	3
0.0182319	290	0
0.00778478	290	1
0.003324	290	0
0.00141931	290	0
0.000606028	290	0
0.000258766	290	0
0.00011049	290	0
4.71779e-05	290	0
2.01444e-05	290	0

0.1	291	8
0.0426988	291	4
0.0182319	291	3
0.00778478	291	0
0.003324	291	0
0.00141931	291	0
0.000606028	291	0
0.000258766	291	0
0.00011049	291	1
4.71779e-05	291	0
2.01444e-05	291	0

0.1	292	5
0.0426988	292	4
0.0182319	292	0
0.00778478	292	3
0.003324	292	1
0.00141931	292	0
0.000606028	292	0
0.000258766	292	0
0.00011049	292	0
4.71779e-05	292	1
2.01444e-05	292	0

0.1	293	8
0.0426988	293	2
0.0182319	293	0
0.00778478	293	0
0.003324	293	0
0.00141931	293	1
0.000606028	293	0
0.000258766	293	0
0.00011049	293	0
4.71779e-05	293	0
2.01444e-05	293	0

0.1	294	4
0.0426988	294	1
0.0182319	294	3
0.00778478	294	2
0.003324	294	0
0.00141931	294	0
0.000606028	294	0
0.000258766	294	0
0.00011049	294	0
4.71779e-05	294	0
2.01444e-05	294	0

0.1	295	2
0.0426988	295	2
0.0182319	295	1
0.00778478	295	0
0.003324	295	0
0.00141931	295	0
0.000606028	295	0
0.000258766	295	0
0.00011049	295	0
4.71779e-05	295	0
2.01444e-05	295	0

0.1	296	7
0.0426988	296	1
0.0182319	296	1
0.00778478	296	0
0.003324	296	0
0.00141931	296	0
0.000606028	296	0
0.000258766	296	0
0.00011049	296	0
4.71779e-05	296	0
2.01444e-05	296	0

0.1	297	3
0.0426988	297	2
0.0182319	297	1
0.00778478	297	2
0.003324	297	0
0.00141931	297	0
0.000606028	297	0
0.000258766	297	0
0.00011049	297	0
4.71779e-05	297	0
2.01444e-05	297	0

0.1	298	5
0.0426988	298	4
0.0182319	298	1
0.00778478	298	1
0.003324	298	0
0.00141931	298	0
0.000606028	298	0
0.000258766	298	0
0.00011049	298	0
4.71779e-05	298	0
2.01444e-05	298	0

0.1	299	1
0.0426988	299	3
0.0182319	299	0
0.00778478	299	1
0.003324	299	2
0.00141931	299	0
0.000606028	299	0
0.000258766	299	0
0.00011049	299	0
4.71779e-05	299	0
2.01444e-05	299	0

0.1	300	3
0.0426988	300	1
0.0182319	300	2
0.00778478	300	1
0.003324	300	0
0.00141931	300	0
0.000606028	300	0
0.000258766	300	0
0.00011049	300	0
4.71779e-05	300	0
2.01444e-05	300	0

0.1	301	4
0.0426988	301	1
0.0182319	301	2
0.00778478	301	1
0.003324	301	0
0.00141931	301	1
0.000606028	301	0
0.000258766	301	0
0.00011049	301	0
4.71779e-05	301	0
2.01444e-05	301	0

0.1	302	4
0.0426988	302	1
0.0182319	302	1
0.00778478	302	1
0.003324	302	0
0.00141931	302	1
0.000606028	302	0
0.000258766	302	0
0.00011049	302	0
4.71779e-05	302	0
2.01444e-05	302	0

0.1	303	5
0.0426988	303	0
0.0182319	303	1
0.00778478	303	3
0.003324	303	0
0.00141931	303	0
0.000606028	303	0
0.000258766	303	0
0.00011049	303	0
4.71779e-05	303	0
2.01444e-05	303	0

0.1	304	4
0.0426988	304	5
0.0182319	304	1
0.00778478	304	0
0.003324	304	0
0.00141931	304	0
0.000606028	304	1
0.000258766	304	0
0.00011049	304	0
4.71779e-05	304	0
2.01444e-05	304	0

0.1	305	6
0.0426988	305	4
0.0182319	305	1
0.00778478	305	0
0.003324	305	0
0.00141931	305	0
0.000606028	305	0
0.000258766	305	0
0.00011049	305	1
4.71779e-05	305	0
2.01444e-05	305	0

0.1	306	6
0.0426988	306	4
0.0182319	306	1
0.00778478	306	0
0.003324	306	1
0.00141931	306	0
0.000606028	306	0
0.000258766	306	0
0.00011049	306	0
4.71779e-05	306	0
2.01444e-05	306	0

0.1	307	2
0.0426988	307	0
0.0182319	307	0
0.00778478	307	0
0.003324	307	0
0.00141931	307	0
0.000606028	307	0
0.000258766	307	0
0.00011049	307	0
4.71779e-05	307	0
2.01444e-05	307	0

0.1	308	5
0.0426988	308	1
0.0182319	308	0
0.00778478	308	3
0.003324	308	0
0.00141931	308	0
0.000606028	308	0
0.000258766	308	0
0.00011049	308	0
4.71779e-05	308	0
2.01444e-05	308	0

0.1	309	3
0.0426988	309	2
0.0182319	309	1
0.00778478	309	0
0.003324	309	0
0.00141931	309	0
0.000606028	309	0
0.000258766	309	1
0.00011049	309	0
4.71779e-05	309	0
2.01444e-05	309	0

0.1	310	1
0.0426988	310	1
0.0182319	310	1
0.00778478	310	0
0.003324	310	0
0.00141931	310	0
0.000606028	310	0
0.000258766	310	0
0.00011049	310	0
4.71779e-05	310	0
2.01444e-05	310	0

0.1	311	0
0.0426988	311	2
0.0182319	311	0
0.00778478	311	0
0.003324	311	0
0.00141931	311	0
0.000606028	311	1
0.000258766	311	0
0.00011049	311	0
4.71779e-05	311	0
2.01444e-05	311	0

0.1	312	5
0.0426988	312	2
0.0182319	312	0
0.00778478	312	0
0.003324	312	0
0.00141931	312	0
0.000606028	312	0
0.000258766	312	0
0.00011049	312	0
4.71779e-05	312	0
2.01444e-05	312	0

0.1	313	2
0.0426988	313	1
0.0182319	313	0
0.00778478	313	0
0.003324	313	0
0.00141931	313	1
0.000606028	313	0
0.000258766	313	0
0.00011049	313	0
4.71779e-05	313	0
2.01444e-05	313	0

0.1	314	6
0.0426988	314	2
0.0182319	314	0
0.00778478	314	1
0.003324	314	0
0.00141931	314	0
0.000606028	314	0
0.000258766	314	0
0.00011049	314	0
4.71779e-05	314	0
2.01444e-05	314	0

0.1	315	2
0.0426988	315	4
0.0182319	315	0
0.00778478	315	0
0.003324	315	1
0.00141931	315	3
0.000606028	315	1
0.000258766	315	0
0.00011049	315	0
4.71779e-05	315	0
2.01444e-05	315	0

0.1	316	5
0.0426988	316	2
0.0182319	316	2
0.00778478	316	4
0.003324	316	0
0.00141931	316	0
0.000606028	316	1
0.000258766	316	0
0.00011049	316	1
4.71779e-05	316	0
2.01444e-05	316	0

0.1	317	3
0.0426988	317	3
0.0182319	317	5
0.00778478	317	1
0.003324	317	1
0.00141931	317	0
0.000606028	317	0
0.000258766	317	0
0.00011049	317	0
4.71779e-05	317	0
2.01444e-05	317	0

0.1	318	4
0.0426988	318	3
0.0182319	318	2
0.00778478	318	0
0.003324	318	0
0.00141931	318	0
0.000606028	318	0
0.000258766	318	0
0.00011049	318	0
4.71779e-05	318	0
2.01444e-05	318	0

0.1	319	5
0.0426988	319	3
0.0182319	319	1
0.00778478	319	2
0.003324	319	0
0.00141931	319	1
0.000606028	319	0
0.000258766	319	0
0.00011049	319	1
4.71779e-05	319	0
2.01444e-05	319	0

0.1	320	5
0.0426988	320	1
0.0182319	320	1
0.00778478	320	0
0.003324	320	0
0.00141931	320	0
0.000606028	320	0
0.000258766	320	0
0.00011049	320	0
4.71779e-05	320	0
2.01444e-05	320	0

0.1	321	3
0.0426988	321	3
0.0182319	321	1
0.00778478	321	1
0.003324	321	0
0.00141931	321	0
0.000606028	321	0
0.000258766	321	0
0.00011049	321	0
4.71779e-05	321	0
2.01444e-05	321	0

0.1	322	5
0.0426988	322	2
0.0182319	322	1
0.00778478	322	0
0.003324	322	0
0.00141931	322	0
0.000606028	322	0
0.000258766	322	0
0.00011049	322	1
4.71779e-05	322	0
2.01444e-05	322	0

0.1	323	5
0.0426988	323	0
0.0182319	323	0
0.00778478	323	1
0.003324	323	2
0.00141931	323	1
0.000606028	323	0
0.000258766	323	0
0.00011049	323	0
4.71779e-05	323	0
2.01444e-05	323	0

0.1	324	4
0.0426988	324	2
0.0182319	324	3
0.00778478	324	0
0.003324	324	0
0.00141931	324	0
0.000606028	324	0
0.000258766	324	0
0.00011049	324	0
4.71779e-05	324	0
2.01444e-05	324	0

0.1	325	7
0.0426988	325	4
0.0182319	325	1
0.00778478	325	1
0.003324	325	0
0.00141931	325	2
0.000606028	325	1
0.000258766	325	0
0.00011049	325	0
4.71779e-05	325	0
2.01444e-05	325	0

0.1	326	3
0.0426988	326	2
0.0182319	326	5
0.00778478	326	2
0.003324	326	0
0.00141931	326	0
0.000606028	326	0
0.000258766	326	0
0.00011049	326	0
4.71779e-05	326	0
2.01444e-05	326	0

0.1	327	5
0.0426988	327	0
0.0182319	327	3
0.00778478	327	0
0.003324	327	1
0.00141931	327	0
0.000606028	327	0
0.000258766	327	0
0.00011049	327	0
4.71779e-05	327	0
2.01444e-05	327	0

0.1	328	5
0.0426988	328	3
0.0182319	328	0
0.00778478	328	2
0.003324	328	1
0.00141931	328	1
0.000606028	328	0
0.000258766	328	0
0.00011049	328	0
4.71779e-05	328	0
2.01444e-05	328	0

0.1	329	3
0.0426988	329	0
0.0182319	329	1
0.00778478	329	3
0.003324	329	1
0.00141931	329	0
0.000606028	329	0
0.000258766	329	0
0.00011049	329	0
4.71779e-05	329	0
2.01444e-05	329	0

0.1	330	4
0.0426988	330	1
0.0182319	330	0
0.00778478	330	1
0.003324	330	0
0.00141931	330	0
0.000606028	330	0
0.000258766	330	0
0.00011049	330	1
4.71779e-05	330	0
2.01444e-05	330	0

0.1	331	1
0.0426988	331	3
0.0182319	331	2
0.00778478	331	1
0.003324	331	1
0.00141931	331	1
0.000606028	331	0
0.000258766	331	0
0.00011049	331	0
4.71779e-05	331	0
2.01444e-05	331	0

0.1	332	5
0.0426988	332	5
0.0182319	332	1
0.00778478	332	2
0.003324	332	0
0.00141931	332	0
0.000606028	332	1
0.000258766	332	0
0.00011049	332	0
4.71779e-05	332	0
2.01444e-05	332	0

0.1	333	5
0.0426988	333	1
0.0182319	333	4
0.00778478	333	2
0.003324	333	0
0.00141931	333	0
0.000606028	333	0
0.000258766	333	0
0.00011049	333	0
4.71779e-05	333	0
2.01444e-05	333	0

0.1	334	4
0.0426988	334	4
0.0182319	334	1
0.00778478	334	1
0.003324	334	2
0.00141931	334	0
0.000606028	334	0
0.000258766	334	0
0.00011049	334	0
4.71779e-05	334	0
2.01444e-05	334	0

0.1	335	5
0.0426988	335	2
0.0182319	335	0
0.00778478	335	1
0.003324	335	0
0.00141931	335	0
0.000606028	335	1
0.000258766	335	0
0.00011049	335	0
4.71779e-05	335	0
2.01444e-05	335	0

0.1	336	4
0.0426988	336	4
0.0182319	336	2
0.00778478	336	1
0.003324	336	5
0.00141931	336	0
0.000606028	336	0
0.000258766	336	0
0.00011049	336	0
4.71779e-05	336	0
2.01444e-05	336	0

0.1	337	3
0.0426988	337	4
0.0182319	337	1
0.00778478	337	2
0.003324	337	1
0.00141931	337	1
0.000606028	337	1
0.000258766	337	0
0.00011049	337	0
4.71779e-05	337	0
2.01444e-05	337	0

0.1	338	4
0.0426988	338	2
0.0182319	338	1
0.00778478	338	0
0.003324	338	0
0.00141931	338	0
0.000606028	338	0
0.000258766	338	0
0.00011049	338	0
4.71779e-05	338	0
2.01444e-05	338	0

0.1	339	4
0.0426988	339	1
0.0182319	339	1
0.00778478	339	2
0.003324	339	1
0.00141931	339	0
0.000606028	339	1
0.000258766	339	0
0.00011049	339	0
4.71779e-05	339	0
2.01444e-05	339	0

0.1	340	4
0.0426988	340	1
0.0182319	340	1
0.00778478	340	1
0.003324	340	0
0.00141931	340	1
0.000606028	340	0
0.000258766	340	1
0.00011049	340	0
4.71779e-05	340	0
2.01444e-05	340	0

0.1	341	4
0.0426988	341	3
0.0182319	341	1
0.00778478	341	0
0.003324	341	0
0.00141931	341	1
0.000606028	341	1
0.000258766	341	0
0.00011049	341	0
4.71779e-05	341	0
2.01444e-05	341	0

0.1	342	3
0.0426988	342	2
0.0182319	342	1
0.00778478	342	0
0.003324	342	0
0.00141931	342	0
0.000606028	342	0
0.000258766	342	1
0.00011049	342	0
4.71779e-05	342	1
2.01444e-05	342	0

0.1	343	7
0.0426988	343	1
0.0182319	343	2
0.00778478	343	2
0.003324	343	3
0.00141931	343	1
0.000606028	343	0
0.000258766	343	0
0.00011049	343	0
4.71779e-05	343	0
2.01444e-05	343	0

0.1	344	4
0.0426988	344	2
0.0182319	344	4
0.00778478	344	1
0.003324	344	0
0.00141931	344	0
0.000606028	344	1
0.000258766	344	0
0.00011049	344	0
4.71779e-05	344	0
2.01444e-05	344	0

0.1	345	3
0.0426988	345	4
0.0182319	345	0
0.00778478	345	1
0.003324	345	0
0.00141931	345	0
0.000606028	345	0
0.000258766	345	0
0.00011049	345	0
4.71779e-05	345	0
2.01444e-05	345	0

0.1	346	3
0.0426988	346	2
0.0182319	346	0
0.00778478	346	1
0.003324	346	0
0.00141931	346	1
0.000606028	346	1
0.000258766	346	0
0.00011049	346	0
4.71779e-05	346	0
2.01444e-05	346	0

0.1	347	2
0.0426988	347	4
0.0182319	347	3
0.00778478	347	3
0.003324	347	1
0.00141931	347	0
0.000606028	347	1
0.000258766	347	3
0.00011049	347	0
4.71779e-05	347	0
2.01444e-05	347	0

0.1	348	4
0.0426988	348	0
0.0182319	348	5
0.00778478	348	0
0.003324	348	0
0.00141931	348	0
0.000606028	348	0
0.000258766	348	0
0.00011049	348	0
4.71779e-05	348	0
2.01444e-05	348	0

0.1	349	4
0.0426988	349	1
0.0182319	349	0
0.00778478	349	0
0.003324	349	1
0.00141931	349	0
0.000606028	349	0
0.000258766	349	0
0.00011049	349	0
4.71779e-05	349	0
2.01444e-05	349	0

0.1	350	2
0.0426988	350	0
0.0182319	350	0
0.00778478	350	1
0.003324	350	0
0.00141931	350	0
0.000606028	350	0
0.000258766	350	0
0.00011049	350	0
4.71779e-05	350	0
2.01444e-05	350	0

0.1	351	3
0.0426988	351	5
0.0182319	351	4
0.00778478	351	1
0.003324	351	0
0.00141931	351	0
0.000606028	351	0
0.000258766	351	1
0.00011049	351	1
4.71779e-05	351	0
2.01444e-05	351	0

0.1	352	5
0.0426988	352	3
0.0182319	352	3
0.00778478	352	1
0.003324	352	1
0.00141931	352	0
0.000606028	352	0
0.000258766	352	0
0.00011049	352	0
4.71779e-05	352	0
2.01444e-05	352	0

0.1	353	3
0.0426988	353	1
0.0182319	353	1
0.00778478	353	0
0.003324	353	0
0.00141931	353	1
0.000606028	353	0
0.000258766	353	1
0.00011049	353	0
4.71779e-05	353	0
2.01444e-05	353	0

0.1	354	4
0.0426988	354	5
0.0182319	354	2
0.00778478	354	2
0.003324	354	1
0.00141931	354	1
0.000606028	354	0
0.000258766	354	0
0.00011049	354	0
4.71779e-05	354	0
2.01444e-05	354	0

0.1	355	4
0.0426988	355	3
0.0182319	355	1
0.00778478	355	0
0.003324	355	0
0.00141931	355	0
0.000606028	355	0
0.000258766	355	0
0.00011049	355	1
4.71779e-05	355	0
2.01444e-05	355	0

0.1	356	4
0.0426988	356	3
0.0182319	356	1
0.00778478	356	2
0.003324	356	0
0.00141931	356	0
0.000606028	356	0
0.000258766	356	0
0.00011049	356	0
4.71779e-05	356	0
2.01444e-05	356	0

0.1	357	3
0.0426988	357	1
0.0182319	357	1
0.00778478	357	3
0.003324	357	1
0.00141931	357	0
0.000606028	357	0
0.000258766	357	0
0.00011049	357	0
4.71779e-05	357	0
2.01444e-05	357	0

0.1	358	5
0.0426988	358	5
0.0182319	358	3
0.00778478	358	1
0.003324	358	1
0.00141931	358	0
0.000606028	358	0
0.000258766	358	0
0.00011049	358	0
4.71779e-05	358	0
2.01444e-05	358	0

0.1	359	3
0.0426988	359	2
0.0182319	359	7
0.00778478	359	1
0.003324	359	1
0.00141931	359	0
0.000606028	359	1
0.000258766	359	1
0.00011049	359	0
4.71779e-05	359	0
2.01444e-05	359	0

0.1	360	6
0.0426988	360	3
0.0182319	360	0
0.00778478	360	0
0.003324	360	0
0.00141931	360	1
0.000606028	360	0
0.000258766	360	1
0.00011049	360	0
4.71779e-05	360	0
2.01444e-05	360	0

0.1	361	5
0.0426988	361	1
0.0182319	361	2
0.00778478	361	2
0.003324	361	2
0.00141931	361	0
0.000606028	361	0
0.000258766	361	2
0.00011049	361	0
4.71779e-05	361	0
2.01444e-05	361	0

0.1	362	3
0.0426988	362	3
0.0182319	362	1
0.00778478	362	0
0.003324	362	1
0.00141931	362	0
0.000606028	362	0
0.000258766	362	0
0.00011049	362	0
4.71779e-05	362	0
2.01444e-05	362	0

0.1	363	8
0.0426988	363	2
0.0182319	363	1
0.00778478	363	1
0.003324	363	2
0.00141931	363	0
0.000606028	363	0
0.000258766	363	0
0.00011049	363	0
4.71779e-05	363	0
2.01444e-05	363	0

0.1	364	7
0.0426988	364	4
0.0182319	364	2
0.00778478	364	0
0.003324	364	1
0.00141931	364	2
0.000606028	364	0
0.000258766	364	0
0.00011049	364	0
4.71779e-05	364	1
2.01444e-05	364	0

0.1	365	2
0.0426988	365	1
0.0182319	365	6
0.00778478	365	2
0.003324	365	1
0.00141931	365	0
0.000606028	365	1
0.000258766	365	0
0.00011049	365	0
4.71779e-05	365	1
2.01444e-05	365	0

0.1	366	6
0.0426988	366	3
0.0182319	366	1
0.00778478	366	2
0.003324	366	2
0.00141931	366	1
0.000606028	366	1
0.000258766	366	2
0.00011049	366	0
4.71779e-05	366	1
2.01444e-05	366	0

0.1	367	7
0.0426988	367	0
0.0182319	367	1
0.00778478	367	1
0.003324	367	1
0.00141931	367	0
0.000606028	367	0
0.000258766	367	0
0.00011049	367	0
4.71779e-05	367	0
2.01444e-05	367	0

0.1	368	6
0.0426988	368	3
0.0182319	368	5
0.00778478	368	1
0.003324	368	0
0.00141931	368	1
0.000606028	368	1
0.000258766	368	0
0.00011049	368	0
4.71779e-05	368	0
2.01444e-05	368	0

0.1	369	4
0.0426988	369	0
0.0182319	369	1
0.00778478	369	0
0.003324	369	2
0.00141931	369	1
0.000606028	369	0
0.000258766	369	0
0.00011049	369	0
4.71779e-05	369	0
2.01444e-05	369	0

0.1	370	7
0.0426988	370	1
0.0182319	370	0
0.00778478	370	2
0.003324	370	2
0.00141931	370	0
0.000606028	370	0
0.000258766	370	0
0.00011049	370	0
4.71779e-05	370	0
2.01444e-05	370	0

0.1	371	5
0.0426988	371	2
0.0182319	371	1
0.00778478	371	1
0.003324	371	0
0.00141931	371	0
0.000606028	371	1
0.000258766	371	0
0.00011049	371	0
4.71779e-05	371	0
2.01444e-05	371	0

0.1	372	6
0.0426988	372	4
0.0182319	372	2
0.00778478	372	1
0.003324	372	3
0.00141931	372	0
0.000606028	372	0
0.000258766	372	0
0.00011049	372	0
4.71779e-05	372	0
2.01444e-05	372	0

0.1	373	3
0.0426988	373	4
0.0182319	373	3
0.00778478	373	1
0.003324	373	0
0.00141931	373	2
0.000606028	373	1
0.000258766	373	0
0.00011049	373	0
4.71779e-05	373	0
2.01444e-05	373	0

0.1	374	3
0.0426988	374	2
0.0182319	374	2
0.00778478	374	2
0.003324	374	1
0.00141931	374	0
0.000606028	374	0
0.000258766	374	0
0.00011049	374	0
4.71779e-05	374	0
2.01444e-05	374	0

0.1	375	6
0.0426988	375	0
0.0182319	375	2
0.00778478	375	2
0.003324	375	1
0.00141931	375	0
0.000606028	375	0
0.000258766	375	0
0.00011049	375	0
4.71779e-05	375	0
2.01444e-05	375	0

0.1	376	3
0.0426988	376	3
0.0182319	376	1
0.00778478	376	0
0.003324	376	1
0.00141931	376	0
0.000606028	376	0
0.000258766	376	0
0.00011049	376	0
4.71779e-05	376	0
2.01444e-05	376	0

0.1	377	6
0.0426988	377	2
0.0182319	377	2
0.00778478	377	6
0.003324	377	1
0.00141931	377	1
0.000606028	377	0
0.000258766	377	0
0.00011049	377	0
4.71779e-05	377	0
2.01444e-05	377	0

0.1	378	5
0.0426988	378	2
0.0182319	378	2
0.00778478	378	0
0.003324	378	0
0.00141931	378	0
0.000606028	378	0
0.000258766	378	0
0.00011049	378	0
4.71779e-05	378	0
2.01444e-05	378	0

0.1	379	9
0.0426988	379	1
0.0182319	379	2
0.00778478	379	1
0.003324	379	2
0.00141931	379	0
0.000606028	379	0
0.000258766	379	0
0.00011049	379	1
4.71779e-05	379	0
2.01444e-05	379	0

0.1	380	2
0.0426988	380	2
0.0182319	380	2
0.00778478	380	1
0.003324	380	2
0.00141931	380	1
0.000606028	380	0
0.000258766	380	0
0.00011049	380	0
4.71779e-05	380	1
2.01444e-05	380	0

0.1	381	6
0.0426988	381	2
0.0182319	381	2
0.00778478	381	0
0.003324	381	1
0.00141931	381	1
0.000606028	381	0
0.000258766	381	0
0.00011049	381	1
4.71779e-05	381	0
2.01444e-05	381	0

0.1	382	3
0.0426988	382	3
0.0182319	382	3
0.00778478	382	0
0.003324	382	1
0.00141931	382	0
0.000606028	382	0
0.000258766	382	0
0.00011049	382	0
4.71779e-05	382	0
2.01444e-05	382	0

0.1	383	2
0.0426988	383	4
0.0182319	383	1
0.00778478	383	1
0.003324	383	4
0.00141931	383	0
0.000606028	383	0
0.000258766	383	1
0.00011049	383	0
4.71779e-05	383	0
2.01444e-05	383	0

0.1	384	8
0.0426988	384	3
0.0182319	384	3
0.00778478	384	5
0.003324	384	4
0.00141931	384	1
0.000606028	384	2
0.000258766	384	0
0.00011049	384	1
4.71779e-05	384	1
2.01444e-05	384	0

0.1	385	5
0.0426988	385	5
0.0182319	385	3
0.00778478	385	0
0.003324	385	0
0.00141931	385	0
0.000606028	385	1
0.000258766	385	0
0.00011049	385	0
4.71779e-05	385	0
2.01444e-05	385	0

0.1	386	3
0.0426988	386	2
0.0182319	386	5
0.00778478	386	2
0.003324	386	0
0.00141931	386	0
0.000606028	386	0
0.000258766	386	1
0.00011049	386	0
4.71779e-05	386	1
2.01444e-05	386	0

0.1	387	10
0.0426988	387	2
0.0182319	387	6
0.00778478	387	1
0.003324	387	3
0.00141931	387	1
0.000606028	387	2
0.000258766	387	1
0.00011049	387	0
4.71779e-05	387	0
2.01444e-05	387	0

0.1	388	1
0.0426988	388	5
0.0182319	388	2
0.00778478	388	1
0.003324	388	3
0.00141931	388	1
0.000606028	388	0
0.000258766	388	0
0.00011049	388	0
4.71779e-05	388	0
2.01444e-05	388	0

0.1	389	5
0.0426988	389	3
0.0182319	389	1
0.00778478	389	1
0.003324	389	1
0.00141931	389	0
0.000606028	389	0
0.000258766	389	0
0.00011049	389	0
4.71779e-05	389	0
2.01444e-05	389	0

0.1	390	8
0.0426988	390	6
0.0182319	390	5
0.00778478	390	3
0.003324	390	1
0.00141931	390	0
0.000606028	390	0
0.000258766	390	0
0.00011049	390	0
4.71779e-05	390	0
2.01444e-05	390	0

0.1	391	6
0.0426988	391	2
0.0182319	391	2
0.00778478	391	1
0.003324	391	0
0.00141931	391	1
0.000606028	391	0
0.000258766	391	0
0.00011049	391	0
4.71779e-05	391	0
2.01444e-05	391	0

0.1	392	4
0.0426988	392	1
0.0182319	392	4
0.00778478	392	4
0.003324	392	1
0.00141931	392	1
0.000606028	392	1
0.000258766	392	0
0.00011049	392	0
4.71779e-05	392	0
2.01444e-05	392	0

0.1	393	3
0.0426988	393	1
0.0182319	393	2
0.00778478	393	1
0.003324	393	4
0.00141931	393	0
0.000606028	393	0
0.000258766	393	0
0.00011049	393	0
4.71779e-05	393	0
2.01444e-05	393	0

0.1	394	3
0.0426988	394	2
0.0182319	394	1
0.00778478	394	0
0.003324	394	0
0.00141931	394	0
0.000606028	394	0
0.000258766	394	0
0.00011049	394	0
4.71779e-05	394	0
2.01444e-05	394	0

0.1	395	4
0.0426988	395	2
0.0182319	395	2
0.00778478	395	1
0.003324	395	2
0.00141931	395	0
0.000606028	395	0
0.000258766	395	0
0.00011049	395	0
4.71779e-05	395	0
2.01444e-05	395	0

0.1	396	2
0.0426988	396	3
0.0182319	396	3
0.00778478	396	0
0.003324	396	1
0.00141931	396	0
0.000606028	396	0
0.000258766	396	0
0.00011049	396	0
4.71779e-05	396	0
2.01444e-05	396	0

0.1	397	6
0.0426988	397	5
0.0182319	397	4
0.00778478	397	1
0.003324	397	0
0.00141931	397	0
0.000606028	397	0
0.000258766	397	0
0.00011049	397	0
4.71779e-05	397	0
2.01444e-05	397	0

0.1	398	6
0.0426988	398	3
0.0182319	398	3
0.00778478	398	1
0.003324	398	0
0.00141931	398	0
0.000606028	398	0
0.000258766	398	0
0.00011049	398	0
4.71779e-05	398	0
2.01444e-05	398	0

0.1	399	7
0.0426988	399	6
0.0182319	399	0
0.00778478	399	0
0.003324	399	1
0.00141931	399	1
0.000606028	399	0
0.000258766	399	0
0.00011049	399	0
4.71779e-05	399	1
2.01444e-05	399	0

0.1	400	5
0.0426988	400	1
0.0182319	400	2
0.00778478	400	0
0.003324	400	1
0.00141931	400	0
0.000606028	400	1
0.000258766	400	0
0.00011049	400	0
4.71779e-05	400	0
2.01444e-05	400	0

0.1	401	8
0.0426988	401	7
0.0182319	401	1
0.00778478	401	2
0.003324	401	1
0.00141931	401	1
0.000606028	401	0
0.000258766	401	0
0.00011049	401	0
4.71779e-05	401	0
2.01444e-05	401	0

0.1	402	5
0.0426988	402	5
0.0182319	402	2
0.00778478	402	0
0.003324	402	1
0.00141931	402	1
0.000606028	402	0
0.000258766	402	0
0.00011049	402	0
4.71779e-05	402	0
2.01444e-05	402	0

0.1	403	4
0.0426988	403	3
0.0182319	403	1
0.00778478	403	0
0.003324	403	3
0.00141931	403	2
0.000606028	403	1
0.000258766	403	0
0.00011049	403	0
4.71779e-05	403	0
2.01444e-05	403	0

0.1	404	6
0.0426988	404	4
0.0182319	404	0
0.00778478	404	2
0.003324	404	0
0.00141931	404	0
0.000606028	404	0
0.000258766	404	0
0.00011049	404	0
4.71779e-05	404	0
2.01444e-05	404	0

0.1	405	4
0.0426988	405	5
0.0182319	405	1
0.00778478	405	1
0.003324	405	0
0.00141931	405	0
0.000606028	405	0
0.000258766	405	0
0.00011049	405	0
4.71779e-05	405	0
2.01444e-05	405	0

0.1	406	3
0.0426988	406	4
0.0182319	406	1
0.00778478	406	0
0.003324	406	0
0.00141931	406	0
0.000606028	406	0
0.000258766	406	0
0.00011049	406	0
4.71779e-05	406	0
2.01444e-05	406	0

0.1	407	6
0.0426988	407	4
0.0182319	407	1
0.00778478	407	1
0.003324	407	0
0.00141931	407	2
0.000606028	407	1
0.000258766	407	0
0.00011049	407	0
4.71779e-05	407	0
2.01444e-05	407	0

0.1	408	7
0.0426988	408	4
0.0182319	408	3
0.00778478	408	4
0.003324	408	0
0.00141931	408	3
0.000606028	408	0
0.000258766	408	0
0.00011049	408	0
4.71779e-05	408	0
2.01444e-05	408	0

0.1	409	7
0.0426988	409	3
0.0182319	409	1
0.00778478	409	0
0.003324	409	1
0.00141931	409	0
0.000606028	409	0
0.000258766	409	0
0.00011049	409	0
4.71779e-05	409	0
2.01444e-05	409	0

0.1	410	1
0.0426988	410	3
0.0182319	410	2
0.00778478	410	0
0.003324	410	0
0.00141931	410	0
0.000606028	410	0
0.000258766	410	0
0.00011049	410	0
4.71779e-05	410	0
2.01444e-05	410	0

0.1	411	5
0.0426988	411	2
0.0182319	411	3
0.00778478	411	3
0.003324	411	1
0.00141931	411	0
0.000606028	411	0
0.000258766	411	0
0.00011049	411	0
4.71779e-05	411	0
2.01444e-05	411	0

0.1	412	7
0.0426988	412	3
0.0182319	412	5
0.00778478	412	1
0.003324	412	1
0.00141931	412	3
0.000606028	412	3
0.000258766	412	0
0.00011049	412	0
4.71779e-05	412	0
2.01444e-05	412	0

0.1	413	7
0.0426988	413	1
0.0182319	413	3
0.00778478	413	2
0.003324	413	1
0.00141931	413	0
0.000606028	413	1
0.000258766	413	0
0.00011049	413	1
4.71779e-05	413	0
2.01444e-05	413	0

0.1	414	5
0.0426988	414	4
0.0182319	414	2
0.00778478	414	1
0.003324	414	0
0.00141931	414	3
0.000606028	414	1
0.000258766	414	0
0.00011049	414	0
4.71779e-05	414	1
2.01444e-05	414	0

0.1	415	5
0.0426988	415	5
0.0182319	415	2
0.00778478	415	3
0.003324	415	2
0.00141931	415	0
0.000606028	415	3
0.000258766	415	0
0.00011049	415	0
4.71779e-05	415	0
2.01444e-05	415	0

0.1	416	5
0.0426988	416	3
0.0182319	416	3
0.00778478	416	3
0.003324	416	0
0.00141931	416	0
0.000606028	416	0
0.000258766	416	0
0.00011049	416	0
4.71779e-05	416	0
2.01444e-05	416	0

0.1	417	9
0.0426988	417	2
0.0182319	417	4
0.00778478	417	4
0.003324	417	2
0.00141931	417	1
0.000606028	417	1
0.000258766	417	0
0.00011049	417	0
4.71779e-05	417	0
2.01444e-05	417	0

0.1	418	3
0.0426988	418	2
0.0182319	418	2
0.00778478	418	1
0.003324	418	1
0.00141931	418	0
0.000606028	418	1
0.000258766	418	0
0.00011049	418	0
4.71779e-05	418	0
2.01444e-05	418	0

0.1	419	5
0.0426988	419	1
0.0182319	419	0
0.00778478	419	0
0.003324	419	2
0.00141931	419	0
0.000606028	419	0
0.000258766	419	0
0.00011049	419	0
4.71779e-05	419	0
2.01444e-05	419	0

0.1	420	6
0.0426988	420	7
0.0182319	420	6
0.00778478	420	2
0.003324	420	0
0.00141931	420	1
0.000606028	420	0
0.000258766	420	0
0.00011049	420	0
4.71779e-05	420	0
2.01444e-05	420	0

0.1	421	8
0.0426988	421	4
0.0182319	421	3
0.00778478	421	2
0.003324	421	1
0.00141931	421	1
0.000606028	421	0
0.000258766	421	1
0.00011049	421	0
4.71779e-05	421	0
2.01444e-05	421	0

0.1	422	1
0.0426988	422	9
0.0182319	422	1
0.00778478	422	1
0.003324	422	0
0.00141931	422	0
0.000606028	422	0
0.000258766	422	0
0.00011049	422	0
4.71779e-05	422	0
2.01444e-05	422	0

0.1	423	2
0.0426988	423	4
0.0182319	423	1
0.00778478	423	1
0.003324	423	1
0.00141931	423	3
0.000606028	423	0
0.000258766	423	0
0.00011049	423	0
4.71779e-05	423	0
2.01444e-05	423	0

0.1	424	3
0.0426988	424	5
0.0182319	424	3
0.00778478	424	1
0.003324	424	1
0.00141931	424	0
0.000606028	424	0
0.000258766	424	0
0.00011049	424	0
4.71779e-05	424	0
2.01444e-05	424	0

0.1	425	3
0.0426988	425	0
0.0182319	425	2
0.00778478	425	0
0.003324	425	0
0.00141931	425	0
0.000606028	425	1
0.000258766	425	0
0.00011049	425	0
4.71779e-05	425	0
2.01444e-05	425	0

0.1	426	6
0.0426988	426	3
0.0182319	426	1
0.00778478	426	2
0.003324	426	0
0.00141931	426	0
0.000606028	426	0
0.000258766	426	0
0.00011049	426	0
4.71779e-05	426	0
2.01444e-05	426	0

0.1	427	4
0.0426988	427	3
0.0182319	427	5
0.00778478	427	1
0.003324	427	0
0.00141931	427	0
0.000606028	427	1
0.000258766	427	0
0.00011049	427	0
4.71779e-05	427	0
2.01444e-05	427	0

0.1	428	3
0.0426988	428	2
0.0182319	428	5
0.00778478	428	3
0.003324	428	3
0.00141931	428	5
0.000606028	428	0
0.000258766	428	1
0.00011049	428	0
4.71779e-05	428	0
2.01444e-05	428	0

0.1	429	7
0.0426988	429	2
0.0182319	429	2
0.00778478	429	3
0.003324	429	1
0.00141931	429	1
0.000606028	429	1
0.000258766	429	1
0.00011049	429	0
4.71779e-05	429	0
2.01444e-05	429	0

0.1	430	4
0.0426988	430	5
0.0182319	430	4
0.00778478	430	1
0.003324	430	1
0.00141931	430	0
0.000606028	430	1
0.000258766	430	2
0.00011049	430	0
4.71779e-05	430	1
2.01444e-05	430	0

0.1	431	14
0.0426988	431	6
0.0182319	431	4
0.00778478	431	1
0.003324	431	2
0.00141931	431	0
0.000606028	431	0
0.000258766	431	0
0.00011049	431	0
4.71779e-05	431	0
2.01444e-05	431	0

0.1	432	11
0.0426988	432	1
0.0182319	432	3
0.00778478	432	1
0.003324	432	4
0.00141931	432	1
0.000606028	432	1
0.000258766	432	0
0.00011049	432	0
4.71779e-05	432	0
2.01444e-05	432	0

0.1	433	4
0.0426988	433	7
0.0182319	433	3
0.00778478	433	3
0.003324	433	2
0.00141931	433	1
0.000606028	433	0
0.000258766	433	0
0.00011049	433	1
4.71779e-05	433	0
2.01444e-05	433	0

0.1	434	4
0.0426988	434	8
0.0182319	434	1
0.00778478	434	1
0.003324	434	1
0.00141931	434	0
0.000606028	434	1
0.000258766	434	0
0.00011049	434	0
4.71779e-05	434	0
2.01444e-05	434	0

0.1	435	5
0.0426988	435	2
0.0182319	435	2
0.00778478	435	5
0.003324	435	2
0.00141931	435	0
0.000606028	435	0
0.000258766	435	0
0.00011049	435	0
4.71779e-05	435	0
2.01444e-05	435	0

0.1	436	2
0.0426988	436	5
0.0182319	436	6
0.00778478	436	6
0.003324	436	3
0.00141931	436	1
0.000606028	436	0
0.000258766	436	1
0.00011049	436	0
4.71779e-05	436	1
2.01444e-05	436	0

0.1	437	7
0.0426988	437	6
0.0182319	437	1
0.00778478	437	3
0.003324	437	1
0.00141931	437	3
0.000606028	437	0
0.000258766	437	2
0.00011049	437	0
4.71779e-05	437	0
2.01444e-05	437	0

0.1	438	5
0.0426988	438	5
0.0182319	438	4
0.00778478	438	2
0.003324	438	0
0.00141931	438	0
0.000606028	438	0
0.000258766	438	1
0.00011049	438	0
4.71779e-05	438	0
2.01444e-05	438	0

0.1	439	3
0.0426988	439	6
0.0182319	439	6
0.00778478	439	0
0.003324	439	2
0.00141931	439	1
0.000606028	439	0
0.000258766	439	0
0.00011049	439	1
4.71779e-05	439	1
2.01444e-05	439	0

0.1	440	8
0.0426988	440	4
0.0182319	440	3
0.00778478	440	0
0.003324	440	3
0.00141931	440	3
0.000606028	440	0
0.000258766	440	0
0.00011049	440	0
4.71779e-05	440	0
2.01444e-05	440	0

0.1	441	2
0.0426988	441	8
0.0182319	441	0
0.00778478	441	3
0.003324	441	2
0.00141931	441	0
0.000606028	441	0
0.000258766	441	0
0.00011049	441	0
4.71779e-05	441	0
2.01444e-05	441	0

0.1	442	3
0.0426988	442	6
0.0182319	442	2
0.00778478	442	2
0.003324	442	0
0.00141931	442	2
0.000606028	442	0
0.000258766	442	0
0.00011049	442	0
4.71779e-05	442	0
2.01444e-05	442	0

0.1	443	2
0.0426988	443	2
0.0182319	443	5
0.00778478	443	1
0.003324	443	2
0.00141931	443	1
0.000606028	443	0
0.000258766	443	0
0.00011049	443	0
4.71779e-05	443	1
2.01444e-05	443	0

0.1	444	7
0.0426988	444	4
0.0182319	444	2
0.00778478	444	1
0.003324	444	0
0.00141931	444	0
0.000606028	444	0
0.000258766	444	1
0.00011049	444	0
4.71779e-05	444	0
2.01444e-05	444	0

0.1	445	6
0.0426988	445	2
0.0182319	445	4
0.00778478	445	4
0.003324	445	0
0.00141931	445	0
0.000606028	445	0
0.000258766	445	0
0.00011049	445	0
4.71779e-05	445	0
2.01444e-05	445	0

0.1	446	3
0.0426988	446	3
0.0182319	446	6
0.00778478	446	4
0.003324	446	3
0.00141931	446	1
0.000606028	446	0
0.000258766	446	0
0.00011049	446	0
4.71779e-05	446	1
2.01444e-05	446	0

0.1	447	8
0.0426988	447	5
0.0182319	447	3
0.00778478	447	4
0.003324	447	1
0.00141931	447	0
0.000606028	447	0
0.000258766	447	0
0.00011049	447	1
4.71779e-05	447	0
2.01444e-05	447	0

0.1	448	4
0.0426988	448	2
0.0182319	448	1
0.00778478	448	2
0.003324	448	1
0.00141931	448	0
0.000606028	448	0
0.000258766	448	0
0.00011049	448	0
4.71779e-05	448	0
2.01444e-05	448	0

0.1	449	5
0.0426988	449	6
0.0182319	449	0
0.00778478	449	0
0.003324	449	0
0.00141931	449	0
0.000606028	449	0
0.000258766	449	0
0.00011049	449	0
4.71779e-05	449	0
2.01444e-05	449	0

0.1	450	6
0.0426988	450	4
0.0182319	450	6
0.00778478	450	2
0.003324	450	5
0.00141931	450	2
0.000606028	450	0
0.000258766	450	0
0.00011049	450	0
4.71779e-05	450	0
2.01444e-05	450	0

0.1	451	4
0.0426988	451	5
0.0182319	451	5
0.00778478	451	4
0.003324	451	1
0.00141931	451	0
0.000606028	451	1
0.000258766	451	0
0.00011049	451	0
4.71779e-05	451	0
2.01444e-05	451	0

0.1	452	7
0.0426988	452	9
0.0182319	452	1
0.00778478	452	2
0.003324	452	2
0.00141931	452	1
0.000606028	452	0
0.000258766	452	1
0.00011049	452	0
4.71779e-05	452	0
2.01444e-05	452	0

0.1	453	7
0.0426988	453	6
0.0182319	453	2
0.00778478	453	2
0.003324	453	6
0.00141931	453	0
0.000606028	453	0
0.000258766	453	1
0.00011049	453	2
4.71779e-05	453	0
2.01444e-05	453	0

0.1	454	7
0.0426988	454	7
0.0182319	454	11
0.00778478	454	2
0.003324	454	5
0.00141931	454	2
0.000606028	454	2
0.000258766	454	0
0.00011049	454	0
4.71779e-05	454	0
2.01444e-05	454	0

0.1	455	5
0.0426988	455	8
0.0182319	455	1
0.00778478	455	3
0.003324	455	3
0.00141931	455	1
0.000606028	455	0
0.000258766	455	0
0.00011049	455	0
4.71779e-05	455	0
2.01444e-05	455	0

0.1	456	4
0.0426988	456	1
0.0182319	456	5
0.00778478	456	4
0.003324	456	2
0.00141931	456	0
0.000606028	456	0
0.000258766	456	0
0.00011049	456	0
4.71779e-05	456	1
2.01444e-05	456	0

0.1	457	6
0.0426988	457	7
0.0182319	457	5
0.00778478	457	4
0.003324	457	3
0.00141931	457	2
0.000606028	457	1
0.000258766	457	2
0.00011049	457	0
4.71779e-05	457	0
2.01444e-05	457	0

0.1	458	8
0.0426988	458	3
0.0182319	458	4
0.00778478	458	3
0.003324	458	5
0.00141931	458	2
0.000606028	458	1
0.000258766	458	0
0.00011049	458	0
4.71779e-05	458	0
2.01444e-05	458	0

0.1	459	2
0.0426988	459	2
0.0182319	459	1
0.00778478	459	2
0.003324	459	0
0.00141931	459	5
0.000606028	459	2
0.000258766	459	0
0.00011049	459	0
4.71779e-05	459	0
2.01444e-05	459	0

0.1	460	5
0.0426988	460	7
0.0182319	460	3
0.00778478	460	4
0.003324	460	0
0.00141931	460	0
0.000606028	460	0
0.000258766	460	0
0.00011049	460	0
4.71779e-05	460	0
2.01444e-05	460	0

0.1	461	12
0.0426988	461	6
0.0182319	461	3
0.00778478	461	2
0.003324	461	3
0.00141931	461	1
0.000606028	461	1
0.000258766	461	0
0.00011049	461	0
4.71779e-05	461	0
2.01444e-05	461	0

0.1	462	6
0.0426988	462	5
0.0182319	462	5
0.00778478	462	3
0.003324	462	0
0.00141931	462	0
0.000606028	462	1
0.000258766	462	0
0.00011049	462	0
4.71779e-05	462	0
2.01444e-05	462	0

0.1	463	4
0.0426988	463	5
0.0182319	463	4
0.00778478	463	3
0.003324	463	5
0.00141931	463	5
0.000606028	463	1
0.000258766	463	0
0.00011049	463	2
4.71779e-05	463	0
2.01444e-05	463	0

0.1	464	5
0.0426988	464	5
0.0182319	464	5
0.00778478	464	2
0.003324	464	3
0.00141931	464	1
0.000606028	464	0
0.000258766	464	0
0.00011049	464	0
4.71779e-05	464	0
2.01444e-05	464	0

0.1	465	9
0.0426988	465	1
0.0182319	465	1
0.00778478	465	1
0.003324	465	1
0.00141931	465	0
0.000606028	465	0
0.000258766	465	0
0.00011049	465	0
4.71779e-05	465	1
2.01444e-05	465	0

0.1	466	6
0.0426988	466	6
0.0182319	466	5
0.00778478	466	2
0.003324	466	2
0.00141931	466	1
0.000606028	466	0
0.000258766	466	0
0.00011049	466	0
4.71779e-05	466	0
2.01444e-05	466	0

0.1	467	7
0.0426988	467	1
0.0182319	467	3
0.00778478	467	5
0.003324	467	0
0.00141931	467	1
0.000606028	467	0
0.000258766	467	0
0.00011049	467	0
4.71779e-05	467	1
2.01444e-05	467	0

0.1	468	6
0.0426988	468	5
0.0182319	468	4
0.00778478	468	2
0.003324	468	3
0.00141931	468	1
0.000606028	468	1
0.000258766	468	1
0.00011049	468	0
4.71779e-05	468	0
2.01444e-05	468	0

0.1	469	5
0.0426988	469	7
0.0182319	469	2
0.00778478	469	4
0.003324	469	0
0.00141931	469	1
0.000606028	469	0
0.000258766	469	0
0.00011049	469	0
4.71779e-05	469	0
2.01444e-05	469	0

0.1	470	1
0.0426988	470	5
0.0182319	470	2
0.00778478	470	1
0.003324	470	3
0.00141931	470	1
0.000606028	470	0
0.000258766	470	1
0.00011049	470	1
4.71779e-05	470	0
2.01444e-05	470	0

0.1	471	7
0.0426988	471	7
0.0182319	471	6
0.00778478	471	4
0.003324	471	7
0.00141931	471	2
0.000606028	471	1
0.000258766	471	0
0.00011049	471	1
4.71779e-05	471	0
2.01444e-05	471	0

0.1	472	4
0.0426988	472	9
0.0182319	472	5
0.00778478	472	2
0.003324	472	1
0.00141931	472	1
0.000606028	472	2
0.000258766	472	0
0.00011049	472	0
4.71779e-05	472	1
2.01444e-05	472	0

0.1	473	4
0.0426988	473	4
0.0182319	473	4
0.00778478	473	0
0.003324	473	0
0.00141931	473	0
0.000606028	473	0
0.000258766	473	0
0.00011049	473	0
4.71779e-05	473	0
2.01444e-05	473	0

0.1	474	4
0.0426988	474	6
0.0182319	474	4
0.00778478	474	4
0.003324	474	0
0.00141931	474	1
0.000606028	474	1
0.000258766	474	1
0.00011049	474	0
4.71779e-05	474	0
2.01444e-05	474	0

0.1	475	8
0.0426988	475	5
0.0182319	475	4
0.00778478	475	2
0.003324	475	2
0.00141931	475	1
0.000606028	475	0
0.000258766	475	1
0.00011049	475	0
4.71779e-05	475	1
2.01444e-05	475	0

0.1	476	8
0.0426988	476	5
0.0182319	476	4
0.00778478	476	4
0.003324	476	1
0.00141931	476	1
0.000606028	476	0
0.000258766	476	1
0.00011049	476	2
4.71779e-05	476	1
2.01444e-05	476	0

0.1	477	7
0.0426988	477	3
0.0182319	477	2
0.00778478	477	4
0.003324	477	3
0.00141931	477	0
0.000606028	477	0
0.000258766	477	1
0.00011049	477	1
4.71779e-05	477	0
2.01444e-05	477	0

0.1	478	7
0.0426988	478	3
0.0182319	478	2
0.00778478	478	1
0.003324	478	1
0.00141931	478	0
0.000606028	478	2
0.000258766	478	1
0.00011049	478	0
4.71779e-05	478	0
2.01444e-05	478	0

0.1	479	2
0.0426988	479	4
0.0182319	479	5
0.00778478	479	2
0.003324	479	3
0.00141931	479	2
0.000606028	479	0
0.000258766	479	0
0.00011049	479	0
4.71779e-05	479	0
2.01444e-05	479	0

0.1	480	6
0.0426988	480	4
0.0182319	480	7
0.00778478	480	2
0.003324	480	1
0.00141931	480	1
0.000606028	480	2
0.000258766	480	0
0.00011049	480	0
4.71779e-05	480	0
2.01444e-05	480	0

0.1	481	12
0.0426988	481	7
0.0182319	481	10
0.00778478	481	1
0.003324	481	5
0.00141931	481	0
0.000606028	481	3
0.000258766	481	1
0.00011049	481	0
4.71779e-05	481	0
2.01444e-05	481	0

0.1	482	3
0.0426988	482	2
0.0182319	482	5
0.00778478	482	7
0.003324	482	5
0.00141931	482	4
0.000606028	482	1
0.000258766	482	1
0.00011049	482	1
4.71779e-05	482	1
2.01444e-05	482	0

0.1	483	3
0.0426988	483	11
0.0182319	483	4
0.00778478	483	3
0.003324	483	4
0.00141931	483	2
0.000606028	483	1
0.000258766	483	1
0.00011049	483	1
4.71779e-05	483	0
2.01444e-05	483	0

0.1	484	4
0.0426988	484	3
0.0182319	484	3
0.00778478	484	0
0.003324	484	4
0.00141931	484	2
0.000606028	484	1
0.000258766	484	0
0.00011049	484	0
4.71779e-05	484	0
2.01444e-05	484	0

0.1	485	8
0.0426988	485	4
0.0182319	485	8
0.00778478	485	3
0.003324	485	0
0.00141931	485	0
0.000606028	485	0
0.000258766	485	1
0.00011049	485	1
4.71779e-05	485	1
2.01444e-05	485	0

0.1	486	10
0.0426988	486	5
0.0182319	486	2
0.00778478	486	3
0.003324	486	3
0.00141931	486	0
0.000606028	486	0
0.000258766	486	1
0.00011049	486	0
4.71779e-05	486	0
2.01444e-05	486	0

0.1	487	3
0.0426988	487	6
0.0182319	487	4
0.00778478	487	7
0.003324	487	4
0.00141931	487	2
0.000606028	487	1
0.000258766	487	3
0.00011049	487	0
4.71779e-05	487	0
2.01444e-05	487	0

0.1	488	4
0.0426988	488	4
0.0182319	488	6
0.00778478	488	4
0.003324	488	3
0.00141931	488	2
0.000606028	488	3
0.000258766	488	1
0.00011049	488	1
4.71779e-05	488	1
2.01444e-05	488	0

0.1	489	1
0.0426988	489	5
0.0182319	489	5
0.00778478	489	5
0.003324	489	2
0.00141931	489	0
0.000606028	489	1
0.000258766	489	0
0.00011049	489	2
4.71779e-05	489	0
2.01444e-05	489	0

0.1	490	7
0.0426988	490	6
0.0182319	490	5
0.00778478	490	4
0.003324	490	4
0.00141931	490	4
0.000606028	490	0
0.000258766	490	0
0.00011049	490	0
4.71779e-05	490	1
2.01444e-05	490	0

0.1	491	9
0.0426988	491	4
0.0182319	491	9
0.00778478	491	2
0.003324	491	2
0.00141931	491	3
0.000606028	491	2
0.000258766	491	2
0.00011049	491	0
4.71779e-05	491	0
2.01444e-05	491	0

0.1	492	4
0.0426988	492	4
0.0182319	492	3
0.00778478	492	2
0.003324	492	3
0.00141931	492	2
0.000606028	492	0
0.000258766	492	0
0.00011049	492	0
4.71779e-05	492	0
2.01444e-05	492	0

0.1	493	4
0.0426988	493	6
0.0182319	493	2
0.00778478	493	7
0.003324	493	4
0.00141931	493	3
0.000606028	493	2
0.000258766	493	0
0.00011049	493	1
4.71779e-05	493	0
2.01444e-05	493	0

0.1	494	5
0.0426988	494	8
0.0182319	494	5
0.00778478	494	6
0.003324	494	4
0.00141931	494	3
0.000606028	494	2
0.000258766	494	2
0.00011049	494	2
4.71779e-05	494	0
2.01444e-05	494	0

0.1	495	4
0.0426988	495	4
0.0182319	495	4
0.00778478	495	7
0.003324	495	7
0.00141931	495	2
0.000606028	495	3
0.000258766	495	1
0.00011049	495	0
4.71779e-05	495	0
2.01444e-05	495	0

0.1	496	4
0.0426988	496	6
0.0182319	496	3
0.00778478	496	7
0.003324	496	0
0.00141931	496	4
0.000606028	496	2
0.000258766	496	0
0.00011049	496	0
4.71779e-05	496	0
2.01444e-05	496	0

0.1	497	5
0.0426988	497	5
0.0182319	497	3
0.00778478	497	4
0.003324	497	6
0.00141931	497	3
0.000606028	497	0
0.000258766	497	1
0.00011049	497	1
4.71779e-05	497	0
2.01444e-05	497	0

0.1	498	2
0.0426988	498	9
0.0182319	498	5
0.00778478	498	2
0.003324	498	1
0.00141931	498	0
0.000606028	498	0
0.000258766	498	0
0.00011049	498	0
4.71779e-05	498	0
2.01444e-05	498	0

0.1	499	5
0.0426988	499	4
0.0182319	499	5
0.00778478	499	4
0.003324	499	6
0.00141931	499	1
0.000606028	499	0
0.000258766	499	1
0.00011049	499	0
4.71779e-05	499	0
2.01444e-05	499	0

0.1	500	9
0.0426988	500	7
0.0182319	500	2
0.00778478	500	9
0.003324	500	6
0.00141931	500	2
0.000606028	500	0
0.000258766	500	0
0.00011049	500	0
4.71779e-05	500	0
2.01444e-05	500	0

0.1	501	6
0.0426988	501	5
0.0182319	501	5
0.00778478	501	5
0.003324	501	1
0.00141931	501	3
0.000606028	501	1
0.000258766	501	1
0.00011049	501	0
4.71779e-05	501	0
2.01444e-05	501	0

0.1	502	6
0.0426988	502	7
0.0182319	502	7
0.00778478	502	8
0.003324	502	3
0.00141931	502	1
0.000606028	502	0
0.000258766	502	1
0.00011049	502	0
4.71779e-05	502	0
2.01444e-05	502	0

0.1	503	5
0.0426988	503	7
0.0182319	503	4
0.00778478	503	1
0.003324	503	3
0.00141931	503	7
0.000606028	503	2
0.000258766	503	1
0.00011049	503	0
4.71779e-05	503	2
2.01444e-05	503	0

0.1	504	8
0.0426988	504	9
0.0182319	504	3
0.00778478	504	7
0.003324	504	3
0.00141931	504	0
0.000606028	504	4
0.000258766	504	0
0.00011049	504	0
4.71779e-05	504	1
2.01444e-05	504	0

0.1	505	9
0.0426988	505	4
0.0182319	505	7
0.00778478	505	4
0.003324	505	3
0.00141931	505	0
0.000606028	505	1
0.000258766	505	0
0.00011049	505	0
4.71779e-05	505	0
2.01444e-05	505	0

0.1	506	7
0.0426988	506	7
0.0182319	506	5
0.00778478	506	8
0.003324	506	8
0.00141931	506	3
0.000606028	506	2
0.000258766	506	1
0.00011049	506	0
4.71779e-05	506	0
2.01444e-05	506	0

0.1	507	6
0.0426988	507	7
0.0182319	507	4
0.00778478	507	9
0.003324	507	6
0.00141931	507	3
0.000606028	507	2
0.000258766	507	0
0.00011049	507	1
4.71779e-05	507	0
2.01444e-05	507	0

0.1	508	5
0.0426988	508	6
0.0182319	508	6
0.00778478	508	8
0.003324	508	5
0.00141931	508	2
0.000606028	508	0
0.000258766	508	0
0.00011049	508	1
4.71779e-05	508	0
2.01444e-05	508	0

0.1	509	3
0.0426988	509	6
0.0182319	509	6
0.00778478	509	7
0.003324	509	2
0.00141931	509	1
0.000606028	509	4
0.000258766	509	0
0.00011049	509	0
4.71779e-05	509	2
2.01444e-05	509	0

0.1	510	5
0.0426988	510	9
0.0182319	510	7
0.00778478	510	3
0.003324	510	1
0.00141931	510	0
0.000606028	510	0
0.000258766	510	0
0.00011049	510	1
4.71779e-05	510	0
2.01444e-05	510	0

0.1	511	5
0.0426988	511	6
0.0182319	511	5
0.00778478	511	7
0.003324	511	4
0.00141931	511	2
0.000606028	511	0
0.000258766	511	0
0.00011049	511	0
4.71779e-05	511	0
2.01444e-05	511	0

0.1	512	7
0.0426988	512	3
0.0182319	512	4
0.00778478	512	3
0.003324	512	6
0.00141931	512	0
0.000606028	512	4
0.000258766	512	2
0.00011049	512	0
4.71779e-05	512	0
2.01444e-05	512	0

0.1	513	5
0.0426988	513	6
0.0182319	513	5
0.00778478	513	5
0.003324	513	6
0.00141931	513	2
0.000606028	513	2
0.000258766	513	2
0.00011049	513	1
4.71779e-05	513	2
2.01444e-05	513	0

0.1	514	8
0.0426988	514	8
0.0182319	514	6
0.00778478	514	7
0.003324	514	9
0.00141931	514	3
0.000606028	514	0
0.000258766	514	0
0.00011049	514	0
4.71779e-05	514	0
2.01444e-05	514	0

0.1	515	9
0.0426988	515	8
0.0182319	515	6
0.00778478	515	7
0.003324	515	2
0.00141931	515	3
0.000606028	515	3
0.000258766	515	0
0.00011049	515	0
4.71779e-05	515	0
2.01444e-05	515	0

0.1	516	6
0.0426988	516	3
0.0182319	516	4
0.00778478	516	4
0.003324	516	8
0.00141931	516	0
0.000606028	516	0
0.000258766	516	1
0.00011049	516	0
4.71779e-05	516	1
2.01444e-05	516	0

0.1	517	10
0.0426988	517	2
0.0182319	517	9
0.00778478	517	7
0.003324	517	4
0.00141931	517	1
0.000606028	517	1
0.000258766	517	2
0.00011049	517	0
4.71779e-05	517	0
2.01444e-05	517	0

0.1	518	7
0.0426988	518	5
0.0182319	518	6
0.00778478	518	5
0.003324	518	6
0.00141931	518	4
0.000606028	518	4
0.000258766	518	1
0.00011049	518	1
4.71779e-05	518	0
2.01444e-05	518	0

0.1	519	4
0.0426988	519	7
0.0182319	519	7
0.00778478	519	6
0.003324	519	5
0.00141931	519	4
0.000606028	519	5
0.000258766	519	2
0.00011049	519	3
4.71779e-05	519	1
2.01444e-05	519	0

0.1	520	9
0.0426988	520	7
0.0182319	520	7
0.00778478	520	8
0.003324	520	6
0.00141931	520	3
0.000606028	520	3
0.000258766	520	1
0.00011049	520	1
4.71779e-05	520	0
2.01444e-05	520	0

0.1	521	8
0.0426988	521	6
0.0182319	521	9
0.00778478	521	6
0.003324	521	8
0.00141931	521	6
0.000606028	521	1
0.000258766	521	0
0.00011049	521	0
4.71779e-05	521	2
2.01444e-05	521	0

0.1	522	9
0.0426988	522	8
0.0182319	522	3
0.00778478	522	5
0.003324	522	2
0.00141931	522	6
0.000606028	522	7
0.000258766	522	1
0.00011049	522	1
4.71779e-05	522	0
2.01444e-05	522	0

0.1	523	9
0.0426988	523	8
0.0182319	523	4
0.00778478	523	8
0.003324	523	1
0.00141931	523	2
0.000606028	523	1
0.000258766	523	0
0.00011049	523	0
4.71779e-05	523	0
2.01444e-05	523	0

0.1	524	6
0.0426988	524	6
0.0182319	524	4
0.00778478	524	10
0.003324	524	6
0.00141931	524	4
0.000606028	524	0
0.000258766	524	2
0.00011049	524	0
4.71779e-05	524	0
2.01444e-05	524	0

0.1	525	10
0.0426988	525	7
0.0182319	525	7
0.00778478	525	7
0.003324	525	5
0.00141931	525	6
0.000606028	525	4
0.000258766	525	0
0.00011049	525	0
4.71779e-05	525	1
2.01444e-05	525	0

0.1	526	8
0.0426988	526	12
0.0182319	526	8
0.00778478	526	5
0.003324	526	4
0.00141931	526	4
0.000606028	526	3
0.000258766	526	2
0.00011049	526	0
4.71779e-05	526	0
2.01444e-05	526	0

0.1	527	5
0.0426988	527	6
0.0182319	527	8
0.00778478	527	7
0.003324	527	4
0.00141931	527	3
0.000606028	527	3
0.000258766	527	0
0.00011049	527	1
4.71779e-05	527	1
2.01444e-05	527	0

0.1	528	10
0.0426988	528	3
0.0182319	528	9
0.00778478	528	3
0.003324	528	5
0.00141931	528	4
0.000606028	528	5
0.000258766	528	4
0.00011049	528	1
4.71779e-05	528	1
2.01444e-05	528	0

0.1	529	8
0.0426988	529	4
0.0182319	529	8
0.00778478	529	7
0.003324	529	5
0.00141931	529	3
0.000606028	529	7
0.000258766	529	1
0.00011049	529	3
4.71779e-05	529	1
2.01444e-05	529	0

0.1	530	13
0.0426988	530	11
0.0182319	530	7
0.00778478	530	3
0.003324	530	6
0.00141931	530	3
0.000606028	530	4
0.000258766	530	4
0.00011049	530	2
4.71779e-05	530	0
2.01444e-05	530	0

0.1	531	8
0.0426988	531	6
0.0182319	531	3
0.00778478	531	8
0.003324	531	9
0.00141931	531	5
0.000606028	531	2
0.000258766	531	2
0.00011049	531	1
4.71779e-05	531	2
2.01444e-05	531	0

0.1	532	11
0.0426988	532	6
0.0182319	532	8
0.00778478	532	11
0.003324	532	2
0.00141931	532	5
0.000606028	532	4
0.000258766	532	2
0.00011049	532	3
4.71779e-05	532	2
2.01444e-05	532	0

0.1	533	15
0.0426988	533	8
0.0182319	533	7
0.00778478	533	2
0.003324	533	8
0.00141931	533	4
0.000606028	533	2
0.000258766	533	3
0.00011049	533	4
4.71779e-05	533	3
2.01444e-05	533	0

0.1	534	5
0.0426988	534	11
0.0182319	534	6
0.00778478	534	15
0.003324	534	7
0.00141931	534	7
0.000606028	534	10
0.000258766	534	7
0.00011049	534	2
4.71779e-05	534	3
2.01444e-05	534	0

0.1	535	3
0.0426988	535	4
0.0182319	535	10
0.00778478	535	8
0.003324	535	3
0.00141931	535	5
0.000606028	535	4
0.000258766	535	3
0.00011049	535	1
4.71779e-05	535	3
2.01444e-05	535	0

0.1	536	4
0.0426988	536	6
0.0182319	536	8
0.00778478	536	12
0.003324	536	11
0.00141931	536	4
0.000606028	536	6
0.000258766	536	5
0.00011049	536	6
4.71779e-05	536	4
2.01444e-05	536	0

0.1	537	8
0.0426988	537	12
0.0182319	537	9
0.00778478	537	11
0.003324	537	7
0.00141931	537	8
0.000606028	537	3
0.000258766	537	5
0.00011049	537	3
4.71779e-05	537	4
2.01444e-05	537	0

0.1	538	8
0.0426988	538	5
0.0182319	538	7
0.00778478	538	10
0.003324	538	8
0.00141931	538	11
0.000606028	538	3
0.000258766	538	7
0.00011049	538	5
4.71779e-05	538	7
2.01444e-05	538	0

0.1	539	5
0.0426988	539	11
0.0182319	539	6
0.00778478	539	2
0.003324	539	4
0.00141931	539	3
0.000606028	539	7
0.000258766	539	0
0.00011049	539	4
4.71779e-05	539	7
2.01444e-05	539	0

0.1	540	6
0.0426988	540	7
0.0182319	540	9
0.00778478	540	6
0.003324	540	4
0.00141931	540	4
0.000606028	540	3
0.000258766	540	6
0.00011049	540	6
4.71779e-05	540	5
2.01444e-05	540	0

0.1	541	8
0.0426988	541	9
0.0182319	541	3
0.00778478	541	7
0.003324	541	3
0.00141931	541	3
0.000606028	541	11
0.000258766	541	3
0.00011049	541	5
4.71779e-05	541	5
2.01444e-05	541	1

0.1	542	7
0.0426988	542	6
0.0182319	542	7
0.00778478	542	8
0.003324	542	4
0.00141931	542	6
0.000606028	542	8
0.000258766	542	4
0.00011049	542	9
4.71779e-05	542	8
2.01444e-05	542	1

0.1	543	4
0.0426988	543	8
0.0182319	543	7
0.00778478	543	3
0.003324	543	7
0.00141931	543	8
0.000606028	543	9
0.000258766	543	6
0.00011049	543	4
4.71779e-05	543	6
2.01444e-05	543	0

