0.1	1	0
0.0426988	1	0
0.0182319	1	0
0.00778478	1	0
0.003324	1	0
0.00141931	1	0
0.000606028	1	0
0.000258766	1	0
0.00011049	1	0
4.71779e-05	1	0
2.01444e-05	1	0

0.1	2	0
0.0426988	2	0
0.0182319	2	0
0.00778478	2	0
0.003324	2	0
0.00141931	2	0
0.000606028	2	0
0.000258766	2	0
0.00011049	2	0
4.71779e-05	2	0
2.01444e-05	2	0

0.1	3	0
0.0426988	3	0
0.0182319	3	0
0.00778478	3	0
0.003324	3	0
0.00141931	3	0
0.000606028	3	0
0.000258766	3	0
0.00011049	3	0
4.71779e-05	3	0
2.01444e-05	3	0

0.1	4	0
0.0426988	4	0
0.0182319	4	0
0.00778478	4	0
0.003324	4	0
0.00141931	4	0
0.000606028	4	0
0.000258766	4	0
0.00011049	4	0
4.71779e-05	4	0
2.01444e-05	4	0

0.1	5	1
0.0426988	5	0
0.0182319	5	0
0.00778478	5	0
0.003324	5	0
0.00141931	5	0
0.000606028	5	0
0.000258766	5	0
0.00011049	5	0
4.71779e-05	5	0
2.01444e-05	5	0

0.1	6	2
0.0426988	6	0
0.0182319	6	0
0.00778478	6	0
0.003324	6	0
0.00141931	6	0
0.000606028	6	0
0.000258766	6	0
0.00011049	6	0
4.71779e-05	6	0
2.01444e-05	6	0

0.1	7	2
0.0426988	7	0
0.0182319	7	0
0.00778478	7	0
0.003324	7	0
0.00141931	7	0
0.000606028	7	0
0.000258766	7	0
0.00011049	7	0
4.71779e-05	7	0
2.01444e-05	7	0

0.1	8	1
0.0426988	8	0
0.0182319	8	0
0.00778478	8	0
0.003324	8	0
0.00141931	8	0
0.000606028	8	0
0.000258766	8	0
0.00011049	8	0
4.71779e-05	8	0
2.01444e-05	8	0

0.1	9	1
0.0426988	9	0
0.0182319	9	0
0.00778478	9	0
0.003324	9	0
0.00141931	9	0
0.000606028	9	0
0.000258766	9	0
0.00011049	9	0
4.71779e-05	9	0
2.01444e-05	9	0

0.1	10	0
0.0426988	10	0
0.0182319	10	0
0.00778478	10	0
0.003324	10	0
0.00141931	10	0
0.000606028	10	0
0.000258766	10	0
0.00011049	10	0
4.71779e-05	10	0
2.01444e-05	10	0

0.1	11	2
0.0426988	11	0
0.0182319	11	0
0.00778478	11	0
0.003324	11	0
0.00141931	11	0
0.000606028	11	0
0.000258766	11	0
0.00011049	11	0
4.71779e-05	11	0
2.01444e-05	11	0

0.1	12	0
0.0426988	12	0
0.0182319	12	0
0.00778478	12	0
0.003324	12	0
0.00141931	12	0
0.000606028	12	0
0.000258766	12	0
0.00011049	12	0
4.71779e-05	12	0
2.01444e-05	12	0

0.1	13	0
0.0426988	13	0
0.0182319	13	0
0.00778478	13	0
0.003324	13	0
0.00141931	13	0
0.000606028	13	0
0.000258766	13	0
0.00011049	13	0
4.71779e-05	13	0
2.01444e-05	13	0

0.1	14	1
0.0426988	14	0
0.0182319	14	0
0.00778478	14	0
0.003324	14	0
0.00141931	14	0
0.000606028	14	0
0.000258766	14	0
0.00011049	14	0
4.71779e-05	14	0
2.01444e-05	14	0

0.1	15	0
0.0426988	15	0
0.0182319	15	0
0.00778478	15	0
0.003324	15	0
0.00141931	15	0
0.000606028	15	0
0.000258766	15	0
0.00011049	15	0
4.71779e-05	15	0
2.01444e-05	15	0

0.1	16	4
0.0426988	16	1
0.0182319	16	0
0.00778478	16	0
0.003324	16	0
0.00141931	16	0
0.000606028	16	0
0.000258766	16	0
0.00011049	16	0
4.71779e-05	16	0
2.01444e-05	16	0

0.1	17	3
0.0426988	17	0
0.0182319	17	0
0.00778478	17	0
0.003324	17	0
0.00141931	17	0
0.000606028	17	0
0.000258766	17	0
0.00011049	17	0
4.71779e-05	17	0
2.01444e-05	17	0

0.1	18	1
0.0426988	18	2
0.0182319	18	0
0.00778478	18	0
0.003324	18	0
0.00141931	18	0
0.000606028	18	0
0.000258766	18	0
0.00011049	18	0
4.71779e-05	18	0
2.01444e-05	18	0

0.1	19	0
0.0426988	19	0
0.0182319	19	0
0.00778478	19	0
0.003324	19	0
0.00141931	19	0
0.000606028	19	0
0.000258766	19	0
0.00011049	19	0
4.71779e-05	19	0
2.01444e-05	19	0

0.1	20	0
0.0426988	20	0
0.0182319	20	0
0.00778478	20	0
0.003324	20	0
0.00141931	20	0
0.000606028	20	0
0.000258766	20	0
0.00011049	20	0
4.71779e-05	20	0
2.01444e-05	20	0

0.1	21	0
0.0426988	21	0
0.0182319	21	0
0.00778478	21	0
0.003324	21	0
0.00141931	21	0
0.000606028	21	0
0.000258766	21	0
0.00011049	21	0
4.71779e-05	21	0
2.01444e-05	21	0

0.1	22	0
0.0426988	22	0
0.0182319	22	0
0.00778478	22	0
0.003324	22	0
0.00141931	22	0
0.000606028	22	0
0.000258766	22	0
0.00011049	22	0
4.71779e-05	22	0
2.01444e-05	22	0

0.1	23	1
0.0426988	23	0
0.0182319	23	0
0.00778478	23	0
0.003324	23	0
0.00141931	23	0
0.000606028	23	0
0.000258766	23	0
0.00011049	23	0
4.71779e-05	23	0
2.01444e-05	23	0

0.1	24	0
0.0426988	24	0
0.0182319	24	0
0.00778478	24	0
0.003324	24	0
0.00141931	24	0
0.000606028	24	0
0.000258766	24	0
0.00011049	24	0
4.71779e-05	24	0
2.01444e-05	24	0

0.1	25	0
0.0426988	25	0
0.0182319	25	0
0.00778478	25	0
0.003324	25	0
0.00141931	25	0
0.000606028	25	0
0.000258766	25	0
0.00011049	25	0
4.71779e-05	25	0
2.01444e-05	25	0

0.1	26	1
0.0426988	26	0
0.0182319	26	0
0.00778478	26	0
0.003324	26	0
0.00141931	26	0
0.000606028	26	0
0.000258766	26	0
0.00011049	26	0
4.71779e-05	26	0
2.01444e-05	26	0

0.1	27	3
0.0426988	27	0
0.0182319	27	0
0.00778478	27	0
0.003324	27	0
0.00141931	27	0
0.000606028	27	0
0.000258766	27	0
0.00011049	27	0
4.71779e-05	27	0
2.01444e-05	27	0

0.1	28	1
0.0426988	28	1
0.0182319	28	0
0.00778478	28	0
0.003324	28	0
0.00141931	28	0
0.000606028	28	0
0.000258766	28	0
0.00011049	28	0
4.71779e-05	28	0
2.01444e-05	28	0

0.1	29	1
0.0426988	29	0
0.0182319	29	0
0.00778478	29	0
0.003324	29	0
0.00141931	29	0
0.000606028	29	0
0.000258766	29	0
0.00011049	29	0
4.71779e-05	29	0
2.01444e-05	29	0

0.1	30	0
0.0426988	30	2
0.0182319	30	1
0.00778478	30	0
0.003324	30	0
0.00141931	30	0
0.000606028	30	0
0.000258766	30	0
0.00011049	30	0
4.71779e-05	30	0
2.01444e-05	30	0

0.1	31	0
0.0426988	31	0
0.0182319	31	0
0.00778478	31	0
0.003324	31	0
0.00141931	31	0
0.000606028	31	0
0.000258766	31	0
0.00011049	31	0
4.71779e-05	31	0
2.01444e-05	31	0

0.1	32	2
0.0426988	32	1
0.0182319	32	0
0.00778478	32	0
0.003324	32	0
0.00141931	32	0
0.000606028	32	0
0.000258766	32	0
0.00011049	32	0
4.71779e-05	32	0
2.01444e-05	32	0

0.1	33	0
0.0426988	33	0
0.0182319	33	0
0.00778478	33	0
0.003324	33	0
0.00141931	33	0
0.000606028	33	0
0.000258766	33	0
0.00011049	33	0
4.71779e-05	33	0
2.01444e-05	33	0

0.1	34	1
0.0426988	34	0
0.0182319	34	0
0.00778478	34	0
0.003324	34	0
0.00141931	34	0
0.000606028	34	0
0.000258766	34	0
0.00011049	34	0
4.71779e-05	34	0
2.01444e-05	34	0

0.1	35	1
0.0426988	35	0
0.0182319	35	0
0.00778478	35	0
0.003324	35	0
0.00141931	35	0
0.000606028	35	0
0.000258766	35	0
0.00011049	35	0
4.71779e-05	35	0
2.01444e-05	35	0

0.1	36	0
0.0426988	36	0
0.0182319	36	0
0.00778478	36	0
0.003324	36	0
0.00141931	36	0
0.000606028	36	0
0.000258766	36	0
0.00011049	36	0
4.71779e-05	36	0
2.01444e-05	36	0

0.1	37	0
0.0426988	37	0
0.0182319	37	0
0.00778478	37	0
0.003324	37	0
0.00141931	37	0
0.000606028	37	0
0.000258766	37	0
0.00011049	37	0
4.71779e-05	37	0
2.01444e-05	37	0

0.1	38	0
0.0426988	38	0
0.0182319	38	0
0.00778478	38	0
0.003324	38	0
0.00141931	38	0
0.000606028	38	0
0.000258766	38	0
0.00011049	38	0
4.71779e-05	38	0
2.01444e-05	38	0

0.1	39	3
0.0426988	39	0
0.0182319	39	1
0.00778478	39	0
0.003324	39	0
0.00141931	39	0
0.000606028	39	0
0.000258766	39	0
0.00011049	39	0
4.71779e-05	39	0
2.01444e-05	39	0

0.1	40	2
0.0426988	40	0
0.0182319	40	0
0.00778478	40	0
0.003324	40	0
0.00141931	40	0
0.000606028	40	0
0.000258766	40	0
0.00011049	40	0
4.71779e-05	40	0
2.01444e-05	40	0

0.1	41	0
0.0426988	41	1
0.0182319	41	1
0.00778478	41	0
0.003324	41	0
0.00141931	41	0
0.000606028	41	0
0.000258766	41	0
0.00011049	41	0
4.71779e-05	41	0
2.01444e-05	41	0

0.1	42	0
0.0426988	42	0
0.0182319	42	0
0.00778478	42	0
0.003324	42	0
0.00141931	42	0
0.000606028	42	0
0.000258766	42	0
0.00011049	42	0
4.71779e-05	42	0
2.01444e-05	42	0

0.1	43	0
0.0426988	43	0
0.0182319	43	0
0.00778478	43	0
0.003324	43	0
0.00141931	43	0
0.000606028	43	0
0.000258766	43	0
0.00011049	43	0
4.71779e-05	43	0
2.01444e-05	43	0

0.1	44	0
0.0426988	44	1
0.0182319	44	0
0.00778478	44	0
0.003324	44	0
0.00141931	44	0
0.000606028	44	0
0.000258766	44	0
0.00011049	44	0
4.71779e-05	44	0
2.01444e-05	44	0

0.1	45	3
0.0426988	45	1
0.0182319	45	0
0.00778478	45	0
0.003324	45	0
0.00141931	45	0
0.000606028	45	0
0.000258766	45	0
0.00011049	45	0
4.71779e-05	45	0
2.01444e-05	45	0

0.1	46	1
0.0426988	46	0
0.0182319	46	0
0.00778478	46	0
0.003324	46	0
0.00141931	46	0
0.000606028	46	0
0.000258766	46	0
0.00011049	46	0
4.71779e-05	46	0
2.01444e-05	46	0

0.1	47	1
0.0426988	47	0
0.0182319	47	0
0.00778478	47	0
0.003324	47	0
0.00141931	47	0
0.000606028	47	0
0.000258766	47	0
0.00011049	47	0
4.71779e-05	47	0
2.01444e-05	47	0

0.1	48	1
0.0426988	48	0
0.0182319	48	0
0.00778478	48	0
0.003324	48	0
0.00141931	48	0
0.000606028	48	0
0.000258766	48	0
0.00011049	48	0
4.71779e-05	48	0
2.01444e-05	48	0

0.1	49	0
0.0426988	49	0
0.0182319	49	0
0.00778478	49	0
0.003324	49	0
0.00141931	49	0
0.000606028	49	0
0.000258766	49	0
0.00011049	49	0
4.71779e-05	49	0
2.01444e-05	49	0

0.1	50	1
0.0426988	50	0
0.0182319	50	0
0.00778478	50	0
0.003324	50	0
0.00141931	50	0
0.000606028	50	0
0.000258766	50	0
0.00011049	50	0
4.71779e-05	50	0
2.01444e-05	50	0

0.1	51	1
0.0426988	51	2
0.0182319	51	0
0.00778478	51	0
0.003324	51	0
0.00141931	51	0
0.000606028	51	0
0.000258766	51	0
0.00011049	51	0
4.71779e-05	51	0
2.01444e-05	51	0

0.1	52	0
0.0426988	52	1
0.0182319	52	0
0.00778478	52	0
0.003324	52	0
0.00141931	52	0
0.000606028	52	0
0.000258766	52	0
0.00011049	52	0
4.71779e-05	52	0
2.01444e-05	52	0

0.1	53	1
0.0426988	53	0
0.0182319	53	0
0.00778478	53	0
0.003324	53	0
0.00141931	53	0
0.000606028	53	0
0.000258766	53	0
0.00011049	53	0
4.71779e-05	53	0
2.01444e-05	53	0

0.1	54	1
0.0426988	54	0
0.0182319	54	0
0.00778478	54	0
0.003324	54	0
0.00141931	54	0
0.000606028	54	0
0.000258766	54	0
0.00011049	54	0
4.71779e-05	54	0
2.01444e-05	54	0

0.1	55	0
0.0426988	55	0
0.0182319	55	0
0.00778478	55	0
0.003324	55	0
0.00141931	55	0
0.000606028	55	0
0.000258766	55	0
0.00011049	55	0
4.71779e-05	55	0
2.01444e-05	55	0

0.1	56	1
0.0426988	56	0
0.0182319	56	0
0.00778478	56	0
0.003324	56	0
0.00141931	56	0
0.000606028	56	0
0.000258766	56	0
0.00011049	56	0
4.71779e-05	56	0
2.01444e-05	56	0

0.1	57	3
0.0426988	57	1
0.0182319	57	0
0.00778478	57	0
0.003324	57	0
0.00141931	57	0
0.000606028	57	0
0.000258766	57	0
0.00011049	57	0
4.71779e-05	57	0
2.01444e-05	57	0

0.1	58	0
0.0426988	58	0
0.0182319	58	0
0.00778478	58	0
0.003324	58	0
0.00141931	58	0
0.000606028	58	0
0.000258766	58	0
0.00011049	58	0
4.71779e-05	58	0
2.01444e-05	58	0

0.1	59	1
0.0426988	59	0
0.0182319	59	0
0.00778478	59	0
0.003324	59	0
0.00141931	59	0
0.000606028	59	0
0.000258766	59	0
0.00011049	59	0
4.71779e-05	59	0
2.01444e-05	59	0

0.1	60	1
0.0426988	60	0
0.0182319	60	0
0.00778478	60	0
0.003324	60	0
0.00141931	60	0
0.000606028	60	0
0.000258766	60	0
0.00011049	60	0
4.71779e-05	60	0
2.01444e-05	60	0

0.1	61	0
0.0426988	61	0
0.0182319	61	1
0.00778478	61	0
0.003324	61	0
0.00141931	61	0
0.000606028	61	0
0.000258766	61	0
0.00011049	61	0
4.71779e-05	61	0
2.01444e-05	61	0

0.1	62	1
0.0426988	62	0
0.0182319	62	0
0.00778478	62	0
0.003324	62	0
0.00141931	62	0
0.000606028	62	0
0.000258766	62	0
0.00011049	62	0
4.71779e-05	62	0
2.01444e-05	62	0

0.1	63	3
0.0426988	63	0
0.0182319	63	0
0.00778478	63	0
0.003324	63	0
0.00141931	63	0
0.000606028	63	0
0.000258766	63	0
0.00011049	63	0
4.71779e-05	63	0
2.01444e-05	63	0

0.1	64	1
0.0426988	64	2
0.0182319	64	0
0.00778478	64	0
0.003324	64	0
0.00141931	64	0
0.000606028	64	0
0.000258766	64	0
0.00011049	64	0
4.71779e-05	64	0
2.01444e-05	64	0

0.1	65	1
0.0426988	65	1
0.0182319	65	0
0.00778478	65	0
0.003324	65	0
0.00141931	65	0
0.000606028	65	0
0.000258766	65	0
0.00011049	65	0
4.71779e-05	65	0
2.01444e-05	65	0

0.1	66	3
0.0426988	66	0
0.0182319	66	0
0.00778478	66	0
0.003324	66	0
0.00141931	66	0
0.000606028	66	0
0.000258766	66	0
0.00011049	66	0
4.71779e-05	66	0
2.01444e-05	66	0

0.1	67	1
0.0426988	67	0
0.0182319	67	0
0.00778478	67	0
0.003324	67	0
0.00141931	67	0
0.000606028	67	0
0.000258766	67	0
0.00011049	67	0
4.71779e-05	67	0
2.01444e-05	67	0

0.1	68	0
0.0426988	68	0
0.0182319	68	0
0.00778478	68	0
0.003324	68	0
0.00141931	68	0
0.000606028	68	0
0.000258766	68	0
0.00011049	68	0
4.71779e-05	68	0
2.01444e-05	68	0

0.1	69	4
0.0426988	69	0
0.0182319	69	0
0.00778478	69	0
0.003324	69	0
0.00141931	69	0
0.000606028	69	0
0.000258766	69	0
0.00011049	69	0
4.71779e-05	69	0
2.01444e-05	69	0

0.1	70	0
0.0426988	70	0
0.0182319	70	1
0.00778478	70	0
0.003324	70	0
0.00141931	70	0
0.000606028	70	0
0.000258766	70	0
0.00011049	70	0
4.71779e-05	70	0
2.01444e-05	70	0

0.1	71	1
0.0426988	71	1
0.0182319	71	0
0.00778478	71	0
0.003324	71	0
0.00141931	71	0
0.000606028	71	0
0.000258766	71	0
0.00011049	71	0
4.71779e-05	71	0
2.01444e-05	71	0

0.1	72	1
0.0426988	72	0
0.0182319	72	0
0.00778478	72	0
0.003324	72	0
0.00141931	72	0
0.000606028	72	0
0.000258766	72	0
0.00011049	72	0
4.71779e-05	72	0
2.01444e-05	72	0

0.1	73	0
0.0426988	73	0
0.0182319	73	0
0.00778478	73	0
0.003324	73	0
0.00141931	73	0
0.000606028	73	0
0.000258766	73	0
0.00011049	73	0
4.71779e-05	73	0
2.01444e-05	73	0

0.1	74	2
0.0426988	74	0
0.0182319	74	0
0.00778478	74	0
0.003324	74	0
0.00141931	74	0
0.000606028	74	0
0.000258766	74	0
0.00011049	74	0
4.71779e-05	74	0
2.01444e-05	74	0

0.1	75	1
0.0426988	75	0
0.0182319	75	0
0.00778478	75	0
0.003324	75	0
0.00141931	75	0
0.000606028	75	0
0.000258766	75	0
0.00011049	75	0
4.71779e-05	75	0
2.01444e-05	75	0

0.1	76	2
0.0426988	76	0
0.0182319	76	0
0.00778478	76	0
0.003324	76	0
0.00141931	76	0
0.000606028	76	0
0.000258766	76	0
0.00011049	76	0
4.71779e-05	76	0
2.01444e-05	76	0

0.1	77	0
0.0426988	77	0
0.0182319	77	0
0.00778478	77	0
0.003324	77	0
0.00141931	77	0
0.000606028	77	0
0.000258766	77	0
0.00011049	77	0
4.71779e-05	77	0
2.01444e-05	77	0

0.1	78	3
0.0426988	78	2
0.0182319	78	1
0.00778478	78	0
0.003324	78	0
0.00141931	78	0
0.000606028	78	0
0.000258766	78	0
0.00011049	78	0
4.71779e-05	78	0
2.01444e-05	78	0

0.1	79	0
0.0426988	79	0
0.0182319	79	4
0.00778478	79	0
0.003324	79	0
0.00141931	79	0
0.000606028	79	0
0.000258766	79	0
0.00011049	79	0
4.71779e-05	79	0
2.01444e-05	79	0

0.1	80	1
0.0426988	80	1
0.0182319	80	0
0.00778478	80	0
0.003324	80	0
0.00141931	80	0
0.000606028	80	0
0.000258766	80	0
0.00011049	80	0
4.71779e-05	80	0
2.01444e-05	80	0

0.1	81	0
0.0426988	81	0
0.0182319	81	0
0.00778478	81	0
0.003324	81	0
0.00141931	81	0
0.000606028	81	0
0.000258766	81	0
0.00011049	81	0
4.71779e-05	81	0
2.01444e-05	81	0

0.1	82	0
0.0426988	82	0
0.0182319	82	0
0.00778478	82	0
0.003324	82	0
0.00141931	82	0
0.000606028	82	0
0.000258766	82	0
0.00011049	82	0
4.71779e-05	82	0
2.01444e-05	82	0

0.1	83	0
0.0426988	83	1
0.0182319	83	1
0.00778478	83	0
0.003324	83	0
0.00141931	83	0
0.000606028	83	0
0.000258766	83	0
0.00011049	83	0
4.71779e-05	83	0
2.01444e-05	83	0

0.1	84	1
0.0426988	84	0
0.0182319	84	0
0.00778478	84	0
0.003324	84	0
0.00141931	84	0
0.000606028	84	0
0.000258766	84	0
0.00011049	84	0
4.71779e-05	84	0
2.01444e-05	84	0

0.1	85	1
0.0426988	85	0
0.0182319	85	0
0.00778478	85	0
0.003324	85	0
0.00141931	85	0
0.000606028	85	0
0.000258766	85	0
0.00011049	85	0
4.71779e-05	85	0
2.01444e-05	85	0

0.1	86	1
0.0426988	86	0
0.0182319	86	0
0.00778478	86	0
0.003324	86	0
0.00141931	86	0
0.000606028	86	0
0.000258766	86	0
0.00011049	86	0
4.71779e-05	86	0
2.01444e-05	86	0

0.1	87	0
0.0426988	87	0
0.0182319	87	0
0.00778478	87	0
0.003324	87	0
0.00141931	87	0
0.000606028	87	0
0.000258766	87	0
0.00011049	87	0
4.71779e-05	87	0
2.01444e-05	87	0

0.1	88	1
0.0426988	88	0
0.0182319	88	0
0.00778478	88	0
0.003324	88	0
0.00141931	88	0
0.000606028	88	0
0.000258766	88	0
0.00011049	88	0
4.71779e-05	88	0
2.01444e-05	88	0

0.1	89	0
0.0426988	89	0
0.0182319	89	0
0.00778478	89	0
0.003324	89	0
0.00141931	89	0
0.000606028	89	0
0.000258766	89	0
0.00011049	89	0
4.71779e-05	89	0
2.01444e-05	89	0

0.1	90	0
0.0426988	90	0
0.0182319	90	0
0.00778478	90	0
0.003324	90	0
0.00141931	90	0
0.000606028	90	0
0.000258766	90	0
0.00011049	90	0
4.71779e-05	90	0
2.01444e-05	90	0

0.1	91	1
0.0426988	91	0
0.0182319	91	0
0.00778478	91	0
0.003324	91	0
0.00141931	91	0
0.000606028	91	0
0.000258766	91	0
0.00011049	91	0
4.71779e-05	91	0
2.01444e-05	91	0

0.1	92	0
0.0426988	92	1
0.0182319	92	0
0.00778478	92	0
0.003324	92	0
0.00141931	92	0
0.000606028	92	0
0.000258766	92	0
0.00011049	92	0
4.71779e-05	92	0
2.01444e-05	92	0

0.1	93	2
0.0426988	93	0
0.0182319	93	0
0.00778478	93	1
0.003324	93	0
0.00141931	93	0
0.000606028	93	0
0.000258766	93	0
0.00011049	93	0
4.71779e-05	93	0
2.01444e-05	93	0

0.1	94	1
0.0426988	94	1
0.0182319	94	0
0.00778478	94	0
0.003324	94	0
0.00141931	94	0
0.000606028	94	0
0.000258766	94	0
0.00011049	94	0
4.71779e-05	94	0
2.01444e-05	94	0

0.1	95	0
0.0426988	95	0
0.0182319	95	0
0.00778478	95	0
0.003324	95	0
0.00141931	95	0
0.000606028	95	0
0.000258766	95	0
0.00011049	95	0
4.71779e-05	95	0
2.01444e-05	95	0

0.1	96	2
0.0426988	96	0
0.0182319	96	0
0.00778478	96	0
0.003324	96	0
0.00141931	96	0
0.000606028	96	0
0.000258766	96	0
0.00011049	96	0
4.71779e-05	96	0
2.01444e-05	96	0

0.1	97	1
0.0426988	97	1
0.0182319	97	0
0.00778478	97	0
0.003324	97	0
0.00141931	97	0
0.000606028	97	0
0.000258766	97	0
0.00011049	97	0
4.71779e-05	97	0
2.01444e-05	97	0

0.1	98	0
0.0426988	98	0
0.0182319	98	1
0.00778478	98	0
0.003324	98	0
0.00141931	98	0
0.000606028	98	0
0.000258766	98	0
0.00011049	98	0
4.71779e-05	98	0
2.01444e-05	98	0

0.1	99	2
0.0426988	99	0
0.0182319	99	0
0.00778478	99	0
0.003324	99	0
0.00141931	99	0
0.000606028	99	0
0.000258766	99	0
0.00011049	99	0
4.71779e-05	99	0
2.01444e-05	99	0

0.1	100	2
0.0426988	100	2
0.0182319	100	2
0.00778478	100	2
0.003324	100	0
0.00141931	100	0
0.000606028	100	0
0.000258766	100	0
0.00011049	100	0
4.71779e-05	100	0
2.01444e-05	100	0

0.1	101	0
0.0426988	101	1
0.0182319	101	0
0.00778478	101	0
0.003324	101	0
0.00141931	101	0
0.000606028	101	0
0.000258766	101	0
0.00011049	101	0
4.71779e-05	101	0
2.01444e-05	101	0

0.1	102	1
0.0426988	102	0
0.0182319	102	0
0.00778478	102	0
0.003324	102	0
0.00141931	102	0
0.000606028	102	0
0.000258766	102	0
0.00011049	102	0
4.71779e-05	102	0
2.01444e-05	102	0

0.1	103	2
0.0426988	103	0
0.0182319	103	0
0.00778478	103	0
0.003324	103	0
0.00141931	103	0
0.000606028	103	0
0.000258766	103	0
0.00011049	103	0
4.71779e-05	103	0
2.01444e-05	103	0

0.1	104	1
0.0426988	104	1
0.0182319	104	0
0.00778478	104	0
0.003324	104	0
0.00141931	104	0
0.000606028	104	0
0.000258766	104	0
0.00011049	104	0
4.71779e-05	104	0
2.01444e-05	104	0

0.1	105	0
0.0426988	105	1
0.0182319	105	0
0.00778478	105	0
0.003324	105	0
0.00141931	105	0
0.000606028	105	0
0.000258766	105	0
0.00011049	105	0
4.71779e-05	105	0
2.01444e-05	105	0

0.1	106	0
0.0426988	106	0
0.0182319	106	0
0.00778478	106	0
0.003324	106	0
0.00141931	106	0
0.000606028	106	0
0.000258766	106	0
0.00011049	106	0
4.71779e-05	106	0
2.01444e-05	106	0

0.1	107	1
0.0426988	107	0
0.0182319	107	0
0.00778478	107	0
0.003324	107	0
0.00141931	107	0
0.000606028	107	0
0.000258766	107	0
0.00011049	107	0
4.71779e-05	107	0
2.01444e-05	107	0

0.1	108	0
0.0426988	108	2
0.0182319	108	0
0.00778478	108	0
0.003324	108	0
0.00141931	108	0
0.000606028	108	0
0.000258766	108	0
0.00011049	108	0
4.71779e-05	108	0
2.01444e-05	108	0

0.1	109	3
0.0426988	109	0
0.0182319	109	0
0.00778478	109	0
0.003324	109	0
0.00141931	109	0
0.000606028	109	0
0.000258766	109	0
0.00011049	109	0
4.71779e-05	109	0
2.01444e-05	109	0

0.1	110	3
0.0426988	110	0
0.0182319	110	0
0.00778478	110	0
0.003324	110	0
0.00141931	110	0
0.000606028	110	0
0.000258766	110	0
0.00011049	110	0
4.71779e-05	110	0
2.01444e-05	110	0

0.1	111	1
0.0426988	111	0
0.0182319	111	0
0.00778478	111	0
0.003324	111	0
0.00141931	111	0
0.000606028	111	0
0.000258766	111	0
0.00011049	111	0
4.71779e-05	111	0
2.01444e-05	111	0

0.1	112	3
0.0426988	112	1
0.0182319	112	0
0.00778478	112	0
0.003324	112	0
0.00141931	112	0
0.000606028	112	0
0.000258766	112	0
0.00011049	112	0
4.71779e-05	112	0
2.01444e-05	112	0

0.1	113	1
0.0426988	113	0
0.0182319	113	0
0.00778478	113	0
0.003324	113	0
0.00141931	113	0
0.000606028	113	0
0.000258766	113	0
0.00011049	113	0
4.71779e-05	113	0
2.01444e-05	113	0

0.1	114	1
0.0426988	114	0
0.0182319	114	0
0.00778478	114	0
0.003324	114	0
0.00141931	114	0
0.000606028	114	0
0.000258766	114	0
0.00011049	114	0
4.71779e-05	114	0
2.01444e-05	114	0

0.1	115	1
0.0426988	115	0
0.0182319	115	0
0.00778478	115	0
0.003324	115	0
0.00141931	115	0
0.000606028	115	0
0.000258766	115	0
0.00011049	115	0
4.71779e-05	115	0
2.01444e-05	115	0

0.1	116	2
0.0426988	116	0
0.0182319	116	0
0.00778478	116	0
0.003324	116	0
0.00141931	116	0
0.000606028	116	0
0.000258766	116	0
0.00011049	116	0
4.71779e-05	116	0
2.01444e-05	116	0

0.1	117	2
0.0426988	117	3
0.0182319	117	0
0.00778478	117	0
0.003324	117	0
0.00141931	117	0
0.000606028	117	0
0.000258766	117	0
0.00011049	117	0
4.71779e-05	117	0
2.01444e-05	117	0

0.1	118	2
0.0426988	118	0
0.0182319	118	0
0.00778478	118	0
0.003324	118	0
0.00141931	118	0
0.000606028	118	0
0.000258766	118	0
0.00011049	118	0
4.71779e-05	118	0
2.01444e-05	118	0

0.1	119	1
0.0426988	119	0
0.0182319	119	0
0.00778478	119	0
0.003324	119	0
0.00141931	119	0
0.000606028	119	0
0.000258766	119	0
0.00011049	119	0
4.71779e-05	119	0
2.01444e-05	119	0

0.1	120	1
0.0426988	120	1
0.0182319	120	0
0.00778478	120	0
0.003324	120	0
0.00141931	120	0
0.000606028	120	0
0.000258766	120	0
0.00011049	120	0
4.71779e-05	120	0
2.01444e-05	120	0

0.1	121	1
0.0426988	121	0
0.0182319	121	2
0.00778478	121	1
0.003324	121	0
0.00141931	121	0
0.000606028	121	0
0.000258766	121	0
0.00011049	121	0
4.71779e-05	121	0
2.01444e-05	121	0

0.1	122	1
0.0426988	122	0
0.0182319	122	0
0.00778478	122	0
0.003324	122	0
0.00141931	122	0
0.000606028	122	0
0.000258766	122	0
0.00011049	122	0
4.71779e-05	122	0
2.01444e-05	122	0

0.1	123	2
0.0426988	123	0
0.0182319	123	0
0.00778478	123	0
0.003324	123	0
0.00141931	123	0
0.000606028	123	0
0.000258766	123	0
0.00011049	123	0
4.71779e-05	123	0
2.01444e-05	123	0

0.1	124	5
0.0426988	124	0
0.0182319	124	0
0.00778478	124	0
0.003324	124	0
0.00141931	124	0
0.000606028	124	0
0.000258766	124	0
0.00011049	124	0
4.71779e-05	124	0
2.01444e-05	124	0

0.1	125	3
0.0426988	125	0
0.0182319	125	0
0.00778478	125	0
0.003324	125	0
0.00141931	125	0
0.000606028	125	0
0.000258766	125	0
0.00011049	125	0
4.71779e-05	125	0
2.01444e-05	125	0

0.1	126	1
0.0426988	126	3
0.0182319	126	0
0.00778478	126	0
0.003324	126	0
0.00141931	126	0
0.000606028	126	0
0.000258766	126	0
0.00011049	126	0
4.71779e-05	126	0
2.01444e-05	126	0

0.1	127	0
0.0426988	127	1
0.0182319	127	1
0.00778478	127	0
0.003324	127	0
0.00141931	127	0
0.000606028	127	0
0.000258766	127	0
0.00011049	127	0
4.71779e-05	127	0
2.01444e-05	127	0

0.1	128	0
0.0426988	128	0
0.0182319	128	1
0.00778478	128	0
0.003324	128	0
0.00141931	128	0
0.000606028	128	0
0.000258766	128	0
0.00011049	128	0
4.71779e-05	128	0
2.01444e-05	128	0

0.1	129	2
0.0426988	129	0
0.0182319	129	0
0.00778478	129	0
0.003324	129	0
0.00141931	129	0
0.000606028	129	0
0.000258766	129	0
0.00011049	129	0
4.71779e-05	129	0
2.01444e-05	129	0

0.1	130	2
0.0426988	130	0
0.0182319	130	0
0.00778478	130	0
0.003324	130	0
0.00141931	130	0
0.000606028	130	0
0.000258766	130	0
0.00011049	130	0
4.71779e-05	130	0
2.01444e-05	130	0

0.1	131	3
0.0426988	131	0
0.0182319	131	0
0.00778478	131	0
0.003324	131	0
0.00141931	131	0
0.000606028	131	0
0.000258766	131	0
0.00011049	131	0
4.71779e-05	131	0
2.01444e-05	131	0

0.1	132	0
0.0426988	132	0
0.0182319	132	0
0.00778478	132	0
0.003324	132	0
0.00141931	132	0
0.000606028	132	0
0.000258766	132	0
0.00011049	132	0
4.71779e-05	132	0
2.01444e-05	132	0

0.1	133	1
0.0426988	133	0
0.0182319	133	0
0.00778478	133	0
0.003324	133	0
0.00141931	133	0
0.000606028	133	0
0.000258766	133	0
0.00011049	133	0
4.71779e-05	133	0
2.01444e-05	133	0

0.1	134	3
0.0426988	134	0
0.0182319	134	1
0.00778478	134	0
0.003324	134	0
0.00141931	134	0
0.000606028	134	0
0.000258766	134	0
0.00011049	134	0
4.71779e-05	134	0
2.01444e-05	134	0

0.1	135	4
0.0426988	135	0
0.0182319	135	0
0.00778478	135	0
0.003324	135	0
0.00141931	135	0
0.000606028	135	0
0.000258766	135	0
0.00011049	135	0
4.71779e-05	135	0
2.01444e-05	135	0

0.1	136	2
0.0426988	136	1
0.0182319	136	0
0.00778478	136	0
0.003324	136	0
0.00141931	136	0
0.000606028	136	0
0.000258766	136	0
0.00011049	136	0
4.71779e-05	136	0
2.01444e-05	136	0

0.1	137	1
0.0426988	137	0
0.0182319	137	0
0.00778478	137	0
0.003324	137	0
0.00141931	137	0
0.000606028	137	0
0.000258766	137	0
0.00011049	137	0
4.71779e-05	137	0
2.01444e-05	137	0

0.1	138	3
0.0426988	138	0
0.0182319	138	0
0.00778478	138	0
0.003324	138	0
0.00141931	138	0
0.000606028	138	0
0.000258766	138	0
0.00011049	138	0
4.71779e-05	138	0
2.01444e-05	138	0

0.1	139	1
0.0426988	139	0
0.0182319	139	0
0.00778478	139	0
0.003324	139	0
0.00141931	139	0
0.000606028	139	0
0.000258766	139	0
0.00011049	139	0
4.71779e-05	139	0
2.01444e-05	139	0

0.1	140	3
0.0426988	140	0
0.0182319	140	0
0.00778478	140	0
0.003324	140	0
0.00141931	140	0
0.000606028	140	0
0.000258766	140	0
0.00011049	140	0
4.71779e-05	140	0
2.01444e-05	140	0

0.1	141	2
0.0426988	141	3
0.0182319	141	0
0.00778478	141	0
0.003324	141	0
0.00141931	141	0
0.000606028	141	0
0.000258766	141	0
0.00011049	141	0
4.71779e-05	141	0
2.01444e-05	141	0

0.1	142	2
0.0426988	142	0
0.0182319	142	0
0.00778478	142	0
0.003324	142	0
0.00141931	142	0
0.000606028	142	0
0.000258766	142	0
0.00011049	142	0
4.71779e-05	142	0
2.01444e-05	142	0

0.1	143	2
0.0426988	143	2
0.0182319	143	0
0.00778478	143	0
0.003324	143	0
0.00141931	143	0
0.000606028	143	0
0.000258766	143	0
0.00011049	143	0
4.71779e-05	143	0
2.01444e-05	143	0

0.1	144	1
0.0426988	144	0
0.0182319	144	1
0.00778478	144	0
0.003324	144	0
0.00141931	144	0
0.000606028	144	0
0.000258766	144	0
0.00011049	144	0
4.71779e-05	144	0
2.01444e-05	144	0

0.1	145	1
0.0426988	145	0
0.0182319	145	0
0.00778478	145	0
0.003324	145	0
0.00141931	145	0
0.000606028	145	0
0.000258766	145	0
0.00011049	145	0
4.71779e-05	145	0
2.01444e-05	145	0

0.1	146	1
0.0426988	146	0
0.0182319	146	0
0.00778478	146	0
0.003324	146	0
0.00141931	146	0
0.000606028	146	0
0.000258766	146	0
0.00011049	146	0
4.71779e-05	146	0
2.01444e-05	146	0

0.1	147	1
0.0426988	147	1
0.0182319	147	0
0.00778478	147	0
0.003324	147	0
0.00141931	147	0
0.000606028	147	0
0.000258766	147	0
0.00011049	147	0
4.71779e-05	147	0
2.01444e-05	147	0

0.1	148	1
0.0426988	148	0
0.0182319	148	0
0.00778478	148	1
0.003324	148	0
0.00141931	148	0
0.000606028	148	0
0.000258766	148	0
0.00011049	148	0
4.71779e-05	148	0
2.01444e-05	148	0

0.1	149	0
0.0426988	149	0
0.0182319	149	0
0.00778478	149	1
0.003324	149	0
0.00141931	149	0
0.000606028	149	0
0.000258766	149	0
0.00011049	149	0
4.71779e-05	149	0
2.01444e-05	149	0

0.1	150	1
0.0426988	150	3
0.0182319	150	2
0.00778478	150	0
0.003324	150	0
0.00141931	150	0
0.000606028	150	0
0.000258766	150	0
0.00011049	150	0
4.71779e-05	150	0
2.01444e-05	150	0

0.1	151	2
0.0426988	151	1
0.0182319	151	0
0.00778478	151	0
0.003324	151	0
0.00141931	151	0
0.000606028	151	0
0.000258766	151	0
0.00011049	151	0
4.71779e-05	151	0
2.01444e-05	151	0

0.1	152	0
0.0426988	152	0
0.0182319	152	0
0.00778478	152	0
0.003324	152	0
0.00141931	152	0
0.000606028	152	0
0.000258766	152	0
0.00011049	152	0
4.71779e-05	152	0
2.01444e-05	152	0

0.1	153	0
0.0426988	153	0
0.0182319	153	1
0.00778478	153	0
0.003324	153	0
0.00141931	153	0
0.000606028	153	0
0.000258766	153	0
0.00011049	153	0
4.71779e-05	153	0
2.01444e-05	153	0

0.1	154	1
0.0426988	154	0
0.0182319	154	0
0.00778478	154	0
0.003324	154	0
0.00141931	154	0
0.000606028	154	0
0.000258766	154	0
0.00011049	154	0
4.71779e-05	154	0
2.01444e-05	154	0

0.1	155	0
0.0426988	155	0
0.0182319	155	0
0.00778478	155	0
0.003324	155	0
0.00141931	155	0
0.000606028	155	0
0.000258766	155	0
0.00011049	155	0
4.71779e-05	155	0
2.01444e-05	155	0

0.1	156	2
0.0426988	156	2
0.0182319	156	0
0.00778478	156	0
0.003324	156	0
0.00141931	156	0
0.000606028	156	0
0.000258766	156	0
0.00011049	156	0
4.71779e-05	156	0
2.01444e-05	156	0

0.1	157	2
0.0426988	157	0
0.0182319	157	0
0.00778478	157	0
0.003324	157	0
0.00141931	157	0
0.000606028	157	0
0.000258766	157	0
0.00011049	157	0
4.71779e-05	157	0
2.01444e-05	157	0

0.1	158	4
0.0426988	158	1
0.0182319	158	0
0.00778478	158	0
0.003324	158	0
0.00141931	158	0
0.000606028	158	0
0.000258766	158	0
0.00011049	158	0
4.71779e-05	158	0
2.01444e-05	158	0

0.1	159	1
0.0426988	159	0
0.0182319	159	0
0.00778478	159	0
0.003324	159	0
0.00141931	159	0
0.000606028	159	0
0.000258766	159	0
0.00011049	159	0
4.71779e-05	159	0
2.01444e-05	159	0

0.1	160	3
0.0426988	160	2
0.0182319	160	0
0.00778478	160	0
0.003324	160	0
0.00141931	160	0
0.000606028	160	0
0.000258766	160	0
0.00011049	160	0
4.71779e-05	160	0
2.01444e-05	160	0

0.1	161	0
0.0426988	161	0
0.0182319	161	0
0.00778478	161	0
0.003324	161	0
0.00141931	161	0
0.000606028	161	0
0.000258766	161	0
0.00011049	161	0
4.71779e-05	161	0
2.01444e-05	161	0

0.1	162	1
0.0426988	162	0
0.0182319	162	0
0.00778478	162	0
0.003324	162	0
0.00141931	162	0
0.000606028	162	0
0.000258766	162	0
0.00011049	162	0
4.71779e-05	162	0
2.01444e-05	162	0

0.1	163	1
0.0426988	163	0
0.0182319	163	1
0.00778478	163	0
0.003324	163	0
0.00141931	163	0
0.000606028	163	0
0.000258766	163	0
0.00011049	163	0
4.71779e-05	163	0
2.01444e-05	163	0

0.1	164	0
0.0426988	164	2
0.0182319	164	1
0.00778478	164	1
0.003324	164	0
0.00141931	164	0
0.000606028	164	0
0.000258766	164	0
0.00011049	164	0
4.71779e-05	164	0
2.01444e-05	164	0

0.1	165	3
0.0426988	165	0
0.0182319	165	0
0.00778478	165	2
0.003324	165	0
0.00141931	165	0
0.000606028	165	0
0.000258766	165	0
0.00011049	165	0
4.71779e-05	165	0
2.01444e-05	165	0

0.1	166	0
0.0426988	166	0
0.0182319	166	0
0.00778478	166	0
0.003324	166	0
0.00141931	166	0
0.000606028	166	0
0.000258766	166	0
0.00011049	166	0
4.71779e-05	166	0
2.01444e-05	166	0

0.1	167	6
0.0426988	167	0
0.0182319	167	0
0.00778478	167	0
0.003324	167	0
0.00141931	167	0
0.000606028	167	0
0.000258766	167	0
0.00011049	167	0
4.71779e-05	167	0
2.01444e-05	167	0

0.1	168	3
0.0426988	168	0
0.0182319	168	0
0.00778478	168	0
0.003324	168	0
0.00141931	168	0
0.000606028	168	0
0.000258766	168	0
0.00011049	168	0
4.71779e-05	168	0
2.01444e-05	168	0

0.1	169	4
0.0426988	169	1
0.0182319	169	0
0.00778478	169	0
0.003324	169	0
0.00141931	169	0
0.000606028	169	0
0.000258766	169	0
0.00011049	169	0
4.71779e-05	169	0
2.01444e-05	169	0

0.1	170	1
0.0426988	170	0
0.0182319	170	0
0.00778478	170	0
0.003324	170	0
0.00141931	170	0
0.000606028	170	0
0.000258766	170	0
0.00011049	170	0
4.71779e-05	170	0
2.01444e-05	170	0

0.1	171	5
0.0426988	171	5
0.0182319	171	1
0.00778478	171	1
0.003324	171	1
0.00141931	171	0
0.000606028	171	0
0.000258766	171	0
0.00011049	171	0
4.71779e-05	171	0
2.01444e-05	171	0

0.1	172	0
0.0426988	172	2
0.0182319	172	0
0.00778478	172	0
0.003324	172	0
0.00141931	172	0
0.000606028	172	0
0.000258766	172	0
0.00011049	172	0
4.71779e-05	172	0
2.01444e-05	172	0

0.1	173	1
0.0426988	173	1
0.0182319	173	0
0.00778478	173	0
0.003324	173	0
0.00141931	173	0
0.000606028	173	0
0.000258766	173	0
0.00011049	173	0
4.71779e-05	173	0
2.01444e-05	173	0

0.1	174	5
0.0426988	174	0
0.0182319	174	0
0.00778478	174	0
0.003324	174	0
0.00141931	174	0
0.000606028	174	0
0.000258766	174	0
0.00011049	174	0
4.71779e-05	174	0
2.01444e-05	174	0

0.1	175	4
0.0426988	175	0
0.0182319	175	1
0.00778478	175	3
0.003324	175	0
0.00141931	175	0
0.000606028	175	0
0.000258766	175	0
0.00011049	175	0
4.71779e-05	175	0
2.01444e-05	175	0

0.1	176	3
0.0426988	176	2
0.0182319	176	2
0.00778478	176	2
0.003324	176	0
0.00141931	176	0
0.000606028	176	0
0.000258766	176	0
0.00011049	176	0
4.71779e-05	176	0
2.01444e-05	176	0

0.1	177	7
0.0426988	177	4
0.0182319	177	0
0.00778478	177	0
0.003324	177	0
0.00141931	177	0
0.000606028	177	0
0.000258766	177	0
0.00011049	177	0
4.71779e-05	177	0
2.01444e-05	177	0

0.1	178	9
0.0426988	178	6
0.0182319	178	1
0.00778478	178	0
0.003324	178	0
0.00141931	178	0
0.000606028	178	0
0.000258766	178	0
0.00011049	178	0
4.71779e-05	178	0
2.01444e-05	178	0

0.1	179	7
0.0426988	179	4
0.0182319	179	0
0.00778478	179	0
0.003324	179	0
0.00141931	179	0
0.000606028	179	0
0.000258766	179	0
0.00011049	179	0
4.71779e-05	179	0
2.01444e-05	179	0

0.1	180	12
0.0426988	180	7
0.0182319	180	5
0.00778478	180	2
0.003324	180	1
0.00141931	180	0
0.000606028	180	1
0.000258766	180	0
0.00011049	180	0
4.71779e-05	180	0
2.01444e-05	180	0

0.1	181	15
0.0426988	181	4
0.0182319	181	9
0.00778478	181	5
0.003324	181	1
0.00141931	181	0
0.000606028	181	0
0.000258766	181	0
0.00011049	181	0
4.71779e-05	181	0
2.01444e-05	181	0
