0.1	1	296
0.0426681	1	0
0.0182057	1	0
0.007768	1	0
0.00331446	1	0
0.00141422	1	0
0.000603419	1	0
0.000257467	1	0
0.000109856	1	0
4.68736e-05	1	0
2.00001e-05	1	0

0.1	2	212
0.0426681	2	0
0.0182057	2	0
0.007768	2	0
0.00331446	2	0
0.00141422	2	0
0.000603419	2	0
0.000257467	2	0
0.000109856	2	0
4.68736e-05	2	0
2.00001e-05	2	0

0.1	3	37
0.0426681	3	0
0.0182057	3	0
0.007768	3	0
0.00331446	3	0
0.00141422	3	0
0.000603419	3	0
0.000257467	3	0
0.000109856	3	0
4.68736e-05	3	0
2.00001e-05	3	0

0.1	4	33
0.0426681	4	0
0.0182057	4	0
0.007768	4	0
0.00331446	4	0
0.00141422	4	0
0.000603419	4	0
0.000257467	4	0
0.000109856	4	0
4.68736e-05	4	0
2.00001e-05	4	0

0.1	5	1
0.0426681	5	0
0.0182057	5	0
0.007768	5	0
0.00331446	5	0
0.00141422	5	0
0.000603419	5	0
0.000257467	5	0
0.000109856	5	0
4.68736e-05	5	0
2.00001e-05	5	0

0.1	6	344
0.0426681	6	0
0.0182057	6	0
0.007768	6	0
0.00331446	6	0
0.00141422	6	0
0.000603419	6	0
0.000257467	6	0
0.000109856	6	0
4.68736e-05	6	0
2.00001e-05	6	0

0.1	7	364
0.0426681	7	0
0.0182057	7	0
0.007768	7	0
0.00331446	7	0
0.00141422	7	0
0.000603419	7	0
0.000257467	7	0
0.000109856	7	0
4.68736e-05	7	0
2.00001e-05	7	0

0.1	8	3
0.0426681	8	0
0.0182057	8	0
0.007768	8	0
0.00331446	8	0
0.00141422	8	0
0.000603419	8	0
0.000257467	8	0
0.000109856	8	0
4.68736e-05	8	0
2.00001e-05	8	0

0.1	9	82
0.0426681	9	0
0.0182057	9	0
0.007768	9	0
0.00331446	9	0
0.00141422	9	0
0.000603419	9	0
0.000257467	9	0
0.000109856	9	0
4.68736e-05	9	0
2.00001e-05	9	0

0.1	10	336
0.0426681	10	0
0.0182057	10	0
0.007768	10	0
0.00331446	10	0
0.00141422	10	0
0.000603419	10	0
0.000257467	10	0
0.000109856	10	0
4.68736e-05	10	0
2.00001e-05	10	0

0.1	11	257
0.0426681	11	4
0.0182057	11	0
0.007768	11	0
0.00331446	11	0
0.00141422	11	0
0.000603419	11	0
0.000257467	11	0
0.000109856	11	0
4.68736e-05	11	0
2.00001e-05	11	0

0.1	12	36
0.0426681	12	0
0.0182057	12	0
0.007768	12	0
0.00331446	12	0
0.00141422	12	0
0.000603419	12	0
0.000257467	12	0
0.000109856	12	0
4.68736e-05	12	0
2.00001e-05	12	0

0.1	13	3
0.0426681	13	0
0.0182057	13	0
0.007768	13	0
0.00331446	13	0
0.00141422	13	0
0.000603419	13	0
0.000257467	13	0
0.000109856	13	0
4.68736e-05	13	0
2.00001e-05	13	0

0.1	14	561
0.0426681	14	54
0.0182057	14	0
0.007768	14	0
0.00331446	14	0
0.00141422	14	0
0.000603419	14	0
0.000257467	14	0
0.000109856	14	0
4.68736e-05	14	0
2.00001e-05	14	0

0.1	15	292
0.0426681	15	1
0.0182057	15	0
0.007768	15	0
0.00331446	15	0
0.00141422	15	0
0.000603419	15	0
0.000257467	15	0
0.000109856	15	0
4.68736e-05	15	0
2.00001e-05	15	0

0.1	16	292
0.0426681	16	19
0.0182057	16	0
0.007768	16	0
0.00331446	16	0
0.00141422	16	0
0.000603419	16	0
0.000257467	16	0
0.000109856	16	0
4.68736e-05	16	0
2.00001e-05	16	0

0.1	17	376
0.0426681	17	0
0.0182057	17	0
0.007768	17	0
0.00331446	17	0
0.00141422	17	0
0.000603419	17	0
0.000257467	17	0
0.000109856	17	0
4.68736e-05	17	0
2.00001e-05	17	0

0.1	18	315
0.0426681	18	127
0.0182057	18	0
0.007768	18	0
0.00331446	18	0
0.00141422	18	0
0.000603419	18	0
0.000257467	18	0
0.000109856	18	0
4.68736e-05	18	0
2.00001e-05	18	0

0.1	19	222
0.0426681	19	89
0.0182057	19	0
0.007768	19	0
0.00331446	19	0
0.00141422	19	0
0.000603419	19	0
0.000257467	19	0
0.000109856	19	0
4.68736e-05	19	0
2.00001e-05	19	0

0.1	20	292
0.0426681	20	0
0.0182057	20	0
0.007768	20	0
0.00331446	20	0
0.00141422	20	0
0.000603419	20	0
0.000257467	20	0
0.000109856	20	0
4.68736e-05	20	0
2.00001e-05	20	0

0.1	21	246
0.0426681	21	109
0.0182057	21	0
0.007768	21	0
0.00331446	21	0
0.00141422	21	0
0.000603419	21	0
0.000257467	21	0
0.000109856	21	0
4.68736e-05	21	0
2.00001e-05	21	0

0.1	22	465
0.0426681	22	0
0.0182057	22	0
0.007768	22	0
0.00331446	22	0
0.00141422	22	0
0.000603419	22	0
0.000257467	22	0
0.000109856	22	0
4.68736e-05	22	0
2.00001e-05	22	0

0.1	23	2
0.0426681	23	0
0.0182057	23	0
0.007768	23	0
0.00331446	23	0
0.00141422	23	0
0.000603419	23	0
0.000257467	23	0
0.000109856	23	0
4.68736e-05	23	0
2.00001e-05	23	0

0.1	24	189
0.0426681	24	0
0.0182057	24	0
0.007768	24	0
0.00331446	24	0
0.00141422	24	0
0.000603419	24	0
0.000257467	24	0
0.000109856	24	0
4.68736e-05	24	0
2.00001e-05	24	0

0.1	25	157
0.0426681	25	0
0.0182057	25	0
0.007768	25	0
0.00331446	25	0
0.00141422	25	0
0.000603419	25	0
0.000257467	25	0
0.000109856	25	0
4.68736e-05	25	0
2.00001e-05	25	0

0.1	26	593
0.0426681	26	123
0.0182057	26	0
0.007768	26	0
0.00331446	26	0
0.00141422	26	0
0.000603419	26	0
0.000257467	26	0
0.000109856	26	0
4.68736e-05	26	0
2.00001e-05	26	0

0.1	27	410
0.0426681	27	146
0.0182057	27	18
0.007768	27	0
0.00331446	27	0
0.00141422	27	0
0.000603419	27	0
0.000257467	27	0
0.000109856	27	0
4.68736e-05	27	0
2.00001e-05	27	0

0.1	28	35
0.0426681	28	0
0.0182057	28	0
0.007768	28	0
0.00331446	28	0
0.00141422	28	0
0.000603419	28	0
0.000257467	28	0
0.000109856	28	0
4.68736e-05	28	0
2.00001e-05	28	0

0.1	29	381
0.0426681	29	4
0.0182057	29	0
0.007768	29	0
0.00331446	29	0
0.00141422	29	0
0.000603419	29	0
0.000257467	29	0
0.000109856	29	0
4.68736e-05	29	0
2.00001e-05	29	0

0.1	30	376
0.0426681	30	2
0.0182057	30	0
0.007768	30	0
0.00331446	30	0
0.00141422	30	0
0.000603419	30	0
0.000257467	30	0
0.000109856	30	0
4.68736e-05	30	0
2.00001e-05	30	0

0.1	31	486
0.0426681	31	0
0.0182057	31	0
0.007768	31	0
0.00331446	31	0
0.00141422	31	0
0.000603419	31	0
0.000257467	31	0
0.000109856	31	0
4.68736e-05	31	0
2.00001e-05	31	0

0.1	32	166
0.0426681	32	0
0.0182057	32	0
0.007768	32	0
0.00331446	32	0
0.00141422	32	0
0.000603419	32	0
0.000257467	32	0
0.000109856	32	0
4.68736e-05	32	0
2.00001e-05	32	0

0.1	33	408
0.0426681	33	0
0.0182057	33	0
0.007768	33	0
0.00331446	33	0
0.00141422	33	0
0.000603419	33	0
0.000257467	33	0
0.000109856	33	0
4.68736e-05	33	0
2.00001e-05	33	0

0.1	34	327
0.0426681	34	11
0.0182057	34	0
0.007768	34	0
0.00331446	34	0
0.00141422	34	0
0.000603419	34	0
0.000257467	34	0
0.000109856	34	0
4.68736e-05	34	0
2.00001e-05	34	0

0.1	35	385
0.0426681	35	0
0.0182057	35	0
0.007768	35	0
0.00331446	35	0
0.00141422	35	0
0.000603419	35	0
0.000257467	35	0
0.000109856	35	0
4.68736e-05	35	0
2.00001e-05	35	0

0.1	36	438
0.0426681	36	33
0.0182057	36	0
0.007768	36	0
0.00331446	36	0
0.00141422	36	0
0.000603419	36	0
0.000257467	36	0
0.000109856	36	0
4.68736e-05	36	0
2.00001e-05	36	0

0.1	37	515
0.0426681	37	46
0.0182057	37	0
0.007768	37	0
0.00331446	37	0
0.00141422	37	0
0.000603419	37	0
0.000257467	37	0
0.000109856	37	0
4.68736e-05	37	0
2.00001e-05	37	0

0.1	38	807
0.0426681	38	122
0.0182057	38	0
0.007768	38	0
0.00331446	38	0
0.00141422	38	0
0.000603419	38	0
0.000257467	38	0
0.000109856	38	0
4.68736e-05	38	0
2.00001e-05	38	0

0.1	39	316
0.0426681	39	16
0.0182057	39	0
0.007768	39	0
0.00331446	39	0
0.00141422	39	0
0.000603419	39	0
0.000257467	39	0
0.000109856	39	0
4.68736e-05	39	0
2.00001e-05	39	0

0.1	40	197
0.0426681	40	0
0.0182057	40	0
0.007768	40	0
0.00331446	40	0
0.00141422	40	0
0.000603419	40	0
0.000257467	40	0
0.000109856	40	0
4.68736e-05	40	0
2.00001e-05	40	0

0.1	41	359
0.0426681	41	103
0.0182057	41	0
0.007768	41	0
0.00331446	41	0
0.00141422	41	0
0.000603419	41	0
0.000257467	41	0
0.000109856	41	0
4.68736e-05	41	0
2.00001e-05	41	0

0.1	42	172
0.0426681	42	81
0.0182057	42	0
0.007768	42	0
0.00331446	42	0
0.00141422	42	0
0.000603419	42	0
0.000257467	42	0
0.000109856	42	0
4.68736e-05	42	0
2.00001e-05	42	0

0.1	43	174
0.0426681	43	2
0.0182057	43	0
0.007768	43	0
0.00331446	43	0
0.00141422	43	0
0.000603419	43	0
0.000257467	43	0
0.000109856	43	0
4.68736e-05	43	0
2.00001e-05	43	0

0.1	44	539
0.0426681	44	124
0.0182057	44	0
0.007768	44	0
0.00331446	44	0
0.00141422	44	0
0.000603419	44	0
0.000257467	44	0
0.000109856	44	0
4.68736e-05	44	0
2.00001e-05	44	0

0.1	45	520
0.0426681	45	118
0.0182057	45	0
0.007768	45	0
0.00331446	45	0
0.00141422	45	0
0.000603419	45	0
0.000257467	45	0
0.000109856	45	0
4.68736e-05	45	0
2.00001e-05	45	0

0.1	46	265
0.0426681	46	0
0.0182057	46	0
0.007768	46	0
0.00331446	46	0
0.00141422	46	0
0.000603419	46	0
0.000257467	46	0
0.000109856	46	0
4.68736e-05	46	0
2.00001e-05	46	0

0.1	47	673
0.0426681	47	66
0.0182057	47	0
0.007768	47	0
0.00331446	47	0
0.00141422	47	0
0.000603419	47	0
0.000257467	47	0
0.000109856	47	0
4.68736e-05	47	0
2.00001e-05	47	0

0.1	48	410
0.0426681	48	1
0.0182057	48	0
0.007768	48	0
0.00331446	48	0
0.00141422	48	0
0.000603419	48	0
0.000257467	48	0
0.000109856	48	0
4.68736e-05	48	0
2.00001e-05	48	0

0.1	49	142
0.0426681	49	3
0.0182057	49	0
0.007768	49	0
0.00331446	49	0
0.00141422	49	0
0.000603419	49	0
0.000257467	49	0
0.000109856	49	0
4.68736e-05	49	0
2.00001e-05	49	0

0.1	50	868
0.0426681	50	67
0.0182057	50	0
0.007768	50	0
0.00331446	50	0
0.00141422	50	0
0.000603419	50	0
0.000257467	50	0
0.000109856	50	0
4.68736e-05	50	0
2.00001e-05	50	0

0.1	51	533
0.0426681	51	58
0.0182057	51	0
0.007768	51	0
0.00331446	51	0
0.00141422	51	0
0.000603419	51	0
0.000257467	51	0
0.000109856	51	0
4.68736e-05	51	0
2.00001e-05	51	0

0.1	52	478
0.0426681	52	0
0.0182057	52	0
0.007768	52	0
0.00331446	52	0
0.00141422	52	0
0.000603419	52	0
0.000257467	52	0
0.000109856	52	0
4.68736e-05	52	0
2.00001e-05	52	0

0.1	53	588
0.0426681	53	50
0.0182057	53	0
0.007768	53	0
0.00331446	53	0
0.00141422	53	0
0.000603419	53	0
0.000257467	53	0
0.000109856	53	0
4.68736e-05	53	0
2.00001e-05	53	0

0.1	54	424
0.0426681	54	29
0.0182057	54	0
0.007768	54	0
0.00331446	54	0
0.00141422	54	0
0.000603419	54	0
0.000257467	54	0
0.000109856	54	0
4.68736e-05	54	0
2.00001e-05	54	0

0.1	55	560
0.0426681	55	0
0.0182057	55	0
0.007768	55	0
0.00331446	55	0
0.00141422	55	0
0.000603419	55	0
0.000257467	55	0
0.000109856	55	0
4.68736e-05	55	0
2.00001e-05	55	0

0.1	56	24
0.0426681	56	0
0.0182057	56	0
0.007768	56	0
0.00331446	56	0
0.00141422	56	0
0.000603419	56	0
0.000257467	56	0
0.000109856	56	0
4.68736e-05	56	0
2.00001e-05	56	0

0.1	57	750
0.0426681	57	94
0.0182057	57	0
0.007768	57	0
0.00331446	57	0
0.00141422	57	0
0.000603419	57	0
0.000257467	57	0
0.000109856	57	0
4.68736e-05	57	0
2.00001e-05	57	0

0.1	58	426
0.0426681	58	1
0.0182057	58	0
0.007768	58	0
0.00331446	58	0
0.00141422	58	0
0.000603419	58	0
0.000257467	58	0
0.000109856	58	0
4.68736e-05	58	0
2.00001e-05	58	0

0.1	59	345
0.0426681	59	0
0.0182057	59	0
0.007768	59	0
0.00331446	59	0
0.00141422	59	0
0.000603419	59	0
0.000257467	59	0
0.000109856	59	0
4.68736e-05	59	0
2.00001e-05	59	0

0.1	60	834
0.0426681	60	118
0.0182057	60	0
0.007768	60	0
0.00331446	60	0
0.00141422	60	0
0.000603419	60	0
0.000257467	60	0
0.000109856	60	0
4.68736e-05	60	0
2.00001e-05	60	0

0.1	61	654
0.0426681	61	78
0.0182057	61	0
0.007768	61	0
0.00331446	61	0
0.00141422	61	0
0.000603419	61	0
0.000257467	61	0
0.000109856	61	0
4.68736e-05	61	0
2.00001e-05	61	0

0.1	62	750
0.0426681	62	146
0.0182057	62	0
0.007768	62	0
0.00331446	62	0
0.00141422	62	0
0.000603419	62	0
0.000257467	62	0
0.000109856	62	0
4.68736e-05	62	0
2.00001e-05	62	0

0.1	63	287
0.0426681	63	0
0.0182057	63	0
0.007768	63	0
0.00331446	63	0
0.00141422	63	0
0.000603419	63	0
0.000257467	63	0
0.000109856	63	0
4.68736e-05	63	0
2.00001e-05	63	0

0.1	64	546
0.0426681	64	8
0.0182057	64	0
0.007768	64	0
0.00331446	64	0
0.00141422	64	0
0.000603419	64	0
0.000257467	64	0
0.000109856	64	0
4.68736e-05	64	0
2.00001e-05	64	0

0.1	65	478
0.0426681	65	34
0.0182057	65	0
0.007768	65	0
0.00331446	65	0
0.00141422	65	0
0.000603419	65	0
0.000257467	65	0
0.000109856	65	0
4.68736e-05	65	0
2.00001e-05	65	0

0.1	66	623
0.0426681	66	152
0.0182057	66	0
0.007768	66	0
0.00331446	66	0
0.00141422	66	0
0.000603419	66	0
0.000257467	66	0
0.000109856	66	0
4.68736e-05	66	0
2.00001e-05	66	0

0.1	67	70
0.0426681	67	0
0.0182057	67	0
0.007768	67	0
0.00331446	67	0
0.00141422	67	0
0.000603419	67	0
0.000257467	67	0
0.000109856	67	0
4.68736e-05	67	0
2.00001e-05	67	0

0.1	68	343
0.0426681	68	65
0.0182057	68	0
0.007768	68	0
0.00331446	68	0
0.00141422	68	0
0.000603419	68	0
0.000257467	68	0
0.000109856	68	0
4.68736e-05	68	0
2.00001e-05	68	0

0.1	69	656
0.0426681	69	33
0.0182057	69	0
0.007768	69	0
0.00331446	69	0
0.00141422	69	0
0.000603419	69	0
0.000257467	69	0
0.000109856	69	0
4.68736e-05	69	0
2.00001e-05	69	0

0.1	70	212
0.0426681	70	2
0.0182057	70	0
0.007768	70	0
0.00331446	70	0
0.00141422	70	0
0.000603419	70	0
0.000257467	70	0
0.000109856	70	0
4.68736e-05	70	0
2.00001e-05	70	0

0.1	71	408
0.0426681	71	10
0.0182057	71	0
0.007768	71	0
0.00331446	71	0
0.00141422	71	0
0.000603419	71	0
0.000257467	71	0
0.000109856	71	0
4.68736e-05	71	0
2.00001e-05	71	0

0.1	72	425
0.0426681	72	107
0.0182057	72	0
0.007768	72	0
0.00331446	72	0
0.00141422	72	0
0.000603419	72	0
0.000257467	72	0
0.000109856	72	0
4.68736e-05	72	0
2.00001e-05	72	0

0.1	73	559
0.0426681	73	310
0.0182057	73	238
0.007768	73	0
0.00331446	73	0
0.00141422	73	0
0.000603419	73	0
0.000257467	73	0
0.000109856	73	0
4.68736e-05	73	0
2.00001e-05	73	0

0.1	74	403
0.0426681	74	0
0.0182057	74	0
0.007768	74	0
0.00331446	74	0
0.00141422	74	0
0.000603419	74	0
0.000257467	74	0
0.000109856	74	0
4.68736e-05	74	0
2.00001e-05	74	0

0.1	75	493
0.0426681	75	603
0.0182057	75	34
0.007768	75	0
0.00331446	75	0
0.00141422	75	0
0.000603419	75	0
0.000257467	75	0
0.000109856	75	0
4.68736e-05	75	0
2.00001e-05	75	0

0.1	76	780
0.0426681	76	75
0.0182057	76	0
0.007768	76	0
0.00331446	76	0
0.00141422	76	0
0.000603419	76	0
0.000257467	76	0
0.000109856	76	0
4.68736e-05	76	0
2.00001e-05	76	0

0.1	77	333
0.0426681	77	0
0.0182057	77	0
0.007768	77	0
0.00331446	77	0
0.00141422	77	0
0.000603419	77	0
0.000257467	77	0
0.000109856	77	0
4.68736e-05	77	0
2.00001e-05	77	0

0.1	78	575
0.0426681	78	0
0.0182057	78	0
0.007768	78	0
0.00331446	78	0
0.00141422	78	0
0.000603419	78	0
0.000257467	78	0
0.000109856	78	0
4.68736e-05	78	0
2.00001e-05	78	0

0.1	79	1415
0.0426681	79	771
0.0182057	79	320
0.007768	79	0
0.00331446	79	0
0.00141422	79	0
0.000603419	79	0
0.000257467	79	0
0.000109856	79	0
4.68736e-05	79	0
2.00001e-05	79	0

0.1	80	256
0.0426681	80	0
0.0182057	80	0
0.007768	80	0
0.00331446	80	0
0.00141422	80	0
0.000603419	80	0
0.000257467	80	0
0.000109856	80	0
4.68736e-05	80	0
2.00001e-05	80	0

0.1	81	782
0.0426681	81	130
0.0182057	81	0
0.007768	81	0
0.00331446	81	0
0.00141422	81	0
0.000603419	81	0
0.000257467	81	0
0.000109856	81	0
4.68736e-05	81	0
2.00001e-05	81	0

0.1	82	604
0.0426681	82	49
0.0182057	82	0
0.007768	82	0
0.00331446	82	0
0.00141422	82	0
0.000603419	82	0
0.000257467	82	0
0.000109856	82	0
4.68736e-05	82	0
2.00001e-05	82	0

0.1	83	512
0.0426681	83	6
0.0182057	83	0
0.007768	83	0
0.00331446	83	0
0.00141422	83	0
0.000603419	83	0
0.000257467	83	0
0.000109856	83	0
4.68736e-05	83	0
2.00001e-05	83	0

0.1	84	693
0.0426681	84	551
0.0182057	84	0
0.007768	84	0
0.00331446	84	0
0.00141422	84	0
0.000603419	84	0
0.000257467	84	0
0.000109856	84	0
4.68736e-05	84	0
2.00001e-05	84	0

0.1	85	953
0.0426681	85	39
0.0182057	85	0
0.007768	85	0
0.00331446	85	0
0.00141422	85	0
0.000603419	85	0
0.000257467	85	0
0.000109856	85	0
4.68736e-05	85	0
2.00001e-05	85	0

0.1	86	845
0.0426681	86	55
0.0182057	86	0
0.007768	86	0
0.00331446	86	0
0.00141422	86	0
0.000603419	86	0
0.000257467	86	0
0.000109856	86	0
4.68736e-05	86	0
2.00001e-05	86	0

0.1	87	724
0.0426681	87	0
0.0182057	87	0
0.007768	87	0
0.00331446	87	0
0.00141422	87	0
0.000603419	87	0
0.000257467	87	0
0.000109856	87	0
4.68736e-05	87	0
2.00001e-05	87	0

0.1	88	566
0.0426681	88	120
0.0182057	88	0
0.007768	88	0
0.00331446	88	0
0.00141422	88	0
0.000603419	88	0
0.000257467	88	0
0.000109856	88	0
4.68736e-05	88	0
2.00001e-05	88	0

0.1	89	461
0.0426681	89	35
0.0182057	89	0
0.007768	89	0
0.00331446	89	0
0.00141422	89	0
0.000603419	89	0
0.000257467	89	0
0.000109856	89	0
4.68736e-05	89	0
2.00001e-05	89	0

0.1	90	489
0.0426681	90	111
0.0182057	90	0
0.007768	90	0
0.00331446	90	0
0.00141422	90	0
0.000603419	90	0
0.000257467	90	0
0.000109856	90	0
4.68736e-05	90	0
2.00001e-05	90	0

0.1	91	765
0.0426681	91	408
0.0182057	91	1093
0.007768	91	560
0.00331446	91	0
0.00141422	91	0
0.000603419	91	0
0.000257467	91	0
0.000109856	91	0
4.68736e-05	91	0
2.00001e-05	91	0

0.1	92	770
0.0426681	92	806
0.0182057	92	970
0.007768	92	0
0.00331446	92	0
0.00141422	92	0
0.000603419	92	0
0.000257467	92	0
0.000109856	92	0
4.68736e-05	92	0
2.00001e-05	92	0

0.1	93	960
0.0426681	93	339
0.0182057	93	4
0.007768	93	0
0.00331446	93	0
0.00141422	93	0
0.000603419	93	0
0.000257467	93	0
0.000109856	93	0
4.68736e-05	93	0
2.00001e-05	93	0

0.1	94	280
0.0426681	94	0
0.0182057	94	0
0.007768	94	0
0.00331446	94	0
0.00141422	94	0
0.000603419	94	0
0.000257467	94	0
0.000109856	94	0
4.68736e-05	94	0
2.00001e-05	94	0

0.1	95	1040
0.0426681	95	161
0.0182057	95	0
0.007768	95	0
0.00331446	95	0
0.00141422	95	0
0.000603419	95	0
0.000257467	95	0
0.000109856	95	0
4.68736e-05	95	0
2.00001e-05	95	0

0.1	96	386
0.0426681	96	0
0.0182057	96	0
0.007768	96	0
0.00331446	96	0
0.00141422	96	0
0.000603419	96	0
0.000257467	96	0
0.000109856	96	0
4.68736e-05	96	0
2.00001e-05	96	0

0.1	97	628
0.0426681	97	134
0.0182057	97	0
0.007768	97	0
0.00331446	97	0
0.00141422	97	0
0.000603419	97	0
0.000257467	97	0
0.000109856	97	0
4.68736e-05	97	0
2.00001e-05	97	0

0.1	98	69
0.0426681	98	0
0.0182057	98	0
0.007768	98	0
0.00331446	98	0
0.00141422	98	0
0.000603419	98	0
0.000257467	98	0
0.000109856	98	0
4.68736e-05	98	0
2.00001e-05	98	0

0.1	99	227
0.0426681	99	0
0.0182057	99	0
0.007768	99	0
0.00331446	99	0
0.00141422	99	0
0.000603419	99	0
0.000257467	99	0
0.000109856	99	0
4.68736e-05	99	0
2.00001e-05	99	0

0.1	100	777
0.0426681	100	90
0.0182057	100	0
0.007768	100	0
0.00331446	100	0
0.00141422	100	0
0.000603419	100	0
0.000257467	100	0
0.000109856	100	0
4.68736e-05	100	0
2.00001e-05	100	0

0.1	101	441
0.0426681	101	7
0.0182057	101	0
0.007768	101	0
0.00331446	101	0
0.00141422	101	0
0.000603419	101	0
0.000257467	101	0
0.000109856	101	0
4.68736e-05	101	0
2.00001e-05	101	0

0.1	102	413
0.0426681	102	30
0.0182057	102	0
0.007768	102	0
0.00331446	102	0
0.00141422	102	0
0.000603419	102	0
0.000257467	102	0
0.000109856	102	0
4.68736e-05	102	0
2.00001e-05	102	0

0.1	103	581
0.0426681	103	134
0.0182057	103	0
0.007768	103	0
0.00331446	103	0
0.00141422	103	0
0.000603419	103	0
0.000257467	103	0
0.000109856	103	0
4.68736e-05	103	0
2.00001e-05	103	0

0.1	104	25
0.0426681	104	0
0.0182057	104	0
0.007768	104	0
0.00331446	104	0
0.00141422	104	0
0.000603419	104	0
0.000257467	104	0
0.000109856	104	0
4.68736e-05	104	0
2.00001e-05	104	0

0.1	105	299
0.0426681	105	0
0.0182057	105	0
0.007768	105	0
0.00331446	105	0
0.00141422	105	0
0.000603419	105	0
0.000257467	105	0
0.000109856	105	0
4.68736e-05	105	0
2.00001e-05	105	0

0.1	106	844
0.0426681	106	95
0.0182057	106	0
0.007768	106	0
0.00331446	106	0
0.00141422	106	0
0.000603419	106	0
0.000257467	106	0
0.000109856	106	0
4.68736e-05	106	0
2.00001e-05	106	0

0.1	107	751
0.0426681	107	413
0.0182057	107	0
0.007768	107	0
0.00331446	107	0
0.00141422	107	0
0.000603419	107	0
0.000257467	107	0
0.000109856	107	0
4.68736e-05	107	0
2.00001e-05	107	0

0.1	108	663
0.0426681	108	313
0.0182057	108	0
0.007768	108	0
0.00331446	108	0
0.00141422	108	0
0.000603419	108	0
0.000257467	108	0
0.000109856	108	0
4.68736e-05	108	0
2.00001e-05	108	0

0.1	109	976
0.0426681	109	62
0.0182057	109	0
0.007768	109	0
0.00331446	109	0
0.00141422	109	0
0.000603419	109	0
0.000257467	109	0
0.000109856	109	0
4.68736e-05	109	0
2.00001e-05	109	0

0.1	110	576
0.0426681	110	0
0.0182057	110	0
0.007768	110	0
0.00331446	110	0
0.00141422	110	0
0.000603419	110	0
0.000257467	110	0
0.000109856	110	0
4.68736e-05	110	0
2.00001e-05	110	0

0.1	111	502
0.0426681	111	0
0.0182057	111	0
0.007768	111	0
0.00331446	111	0
0.00141422	111	0
0.000603419	111	0
0.000257467	111	0
0.000109856	111	0
4.68736e-05	111	0
2.00001e-05	111	0

0.1	112	71
0.0426681	112	0
0.0182057	112	0
0.007768	112	0
0.00331446	112	0
0.00141422	112	0
0.000603419	112	0
0.000257467	112	0
0.000109856	112	0
4.68736e-05	112	0
2.00001e-05	112	0

0.1	113	515
0.0426681	113	1
0.0182057	113	0
0.007768	113	0
0.00331446	113	0
0.00141422	113	0
0.000603419	113	0
0.000257467	113	0
0.000109856	113	0
4.68736e-05	113	0
2.00001e-05	113	0

0.1	114	577
0.0426681	114	12
0.0182057	114	0
0.007768	114	0
0.00331446	114	0
0.00141422	114	0
0.000603419	114	0
0.000257467	114	0
0.000109856	114	0
4.68736e-05	114	0
2.00001e-05	114	0

0.1	115	396
0.0426681	115	582
0.0182057	115	153
0.007768	115	0
0.00331446	115	0
0.00141422	115	0
0.000603419	115	0
0.000257467	115	0
0.000109856	115	0
4.68736e-05	115	0
2.00001e-05	115	0

0.1	116	727
0.0426681	116	42
0.0182057	116	0
0.007768	116	0
0.00331446	116	0
0.00141422	116	0
0.000603419	116	0
0.000257467	116	0
0.000109856	116	0
4.68736e-05	116	0
2.00001e-05	116	0

0.1	117	1217
0.0426681	117	410
0.0182057	117	159
0.007768	117	0
0.00331446	117	0
0.00141422	117	0
0.000603419	117	0
0.000257467	117	0
0.000109856	117	0
4.68736e-05	117	0
2.00001e-05	117	0

0.1	118	826
0.0426681	118	685
0.0182057	118	1222
0.007768	118	470
0.00331446	118	0
0.00141422	118	0
0.000603419	118	0
0.000257467	118	0
0.000109856	118	0
4.68736e-05	118	0
2.00001e-05	118	0

0.1	119	1170
0.0426681	119	63
0.0182057	119	0
0.007768	119	0
0.00331446	119	0
0.00141422	119	0
0.000603419	119	0
0.000257467	119	0
0.000109856	119	0
4.68736e-05	119	0
2.00001e-05	119	0

0.1	120	1415
0.0426681	120	48
0.0182057	120	0
0.007768	120	0
0.00331446	120	0
0.00141422	120	0
0.000603419	120	0
0.000257467	120	0
0.000109856	120	0
4.68736e-05	120	0
2.00001e-05	120	0

0.1	121	687
0.0426681	121	43
0.0182057	121	0
0.007768	121	0
0.00331446	121	0
0.00141422	121	0
0.000603419	121	0
0.000257467	121	0
0.000109856	121	0
4.68736e-05	121	0
2.00001e-05	121	0

0.1	122	29
0.0426681	122	0
0.0182057	122	0
0.007768	122	0
0.00331446	122	0
0.00141422	122	0
0.000603419	122	0
0.000257467	122	0
0.000109856	122	0
4.68736e-05	122	0
2.00001e-05	122	0

0.1	123	868
0.0426681	123	176
0.0182057	123	0
0.007768	123	0
0.00331446	123	0
0.00141422	123	0
0.000603419	123	0
0.000257467	123	0
0.000109856	123	0
4.68736e-05	123	0
2.00001e-05	123	0

0.1	124	1561
0.0426681	124	893
0.0182057	124	0
0.007768	124	0
0.00331446	124	0
0.00141422	124	0
0.000603419	124	0
0.000257467	124	0
0.000109856	124	0
4.68736e-05	124	0
2.00001e-05	124	0

0.1	125	2363
0.0426681	125	1568
0.0182057	125	1318
0.007768	125	1372
0.00331446	125	81
0.00141422	125	0
0.000603419	125	0
0.000257467	125	0
0.000109856	125	0
4.68736e-05	125	0
2.00001e-05	125	0

0.1	126	366
0.0426681	126	3
0.0182057	126	0
0.007768	126	0
0.00331446	126	0
0.00141422	126	0
0.000603419	126	0
0.000257467	126	0
0.000109856	126	0
4.68736e-05	126	0
2.00001e-05	126	0

0.1	127	404
0.0426681	127	99
0.0182057	127	0
0.007768	127	0
0.00331446	127	0
0.00141422	127	0
0.000603419	127	0
0.000257467	127	0
0.000109856	127	0
4.68736e-05	127	0
2.00001e-05	127	0

0.1	128	1462
0.0426681	128	457
0.0182057	128	129
0.007768	128	0
0.00331446	128	0
0.00141422	128	0
0.000603419	128	0
0.000257467	128	0
0.000109856	128	0
4.68736e-05	128	0
2.00001e-05	128	0

0.1	129	1767
0.0426681	129	648
0.0182057	129	0
0.007768	129	0
0.00331446	129	0
0.00141422	129	0
0.000603419	129	0
0.000257467	129	0
0.000109856	129	0
4.68736e-05	129	0
2.00001e-05	129	0

0.1	130	277
0.0426681	130	0
0.0182057	130	0
0.007768	130	0
0.00331446	130	0
0.00141422	130	0
0.000603419	130	0
0.000257467	130	0
0.000109856	130	0
4.68736e-05	130	0
2.00001e-05	130	0

0.1	131	762
0.0426681	131	510
0.0182057	131	0
0.007768	131	0
0.00331446	131	0
0.00141422	131	0
0.000603419	131	0
0.000257467	131	0
0.000109856	131	0
4.68736e-05	131	0
2.00001e-05	131	0

0.1	132	1418
0.0426681	132	137
0.0182057	132	0
0.007768	132	0
0.00331446	132	0
0.00141422	132	0
0.000603419	132	0
0.000257467	132	0
0.000109856	132	0
4.68736e-05	132	0
2.00001e-05	132	0

0.1	133	939
0.0426681	133	47
0.0182057	133	0
0.007768	133	0
0.00331446	133	0
0.00141422	133	0
0.000603419	133	0
0.000257467	133	0
0.000109856	133	0
4.68736e-05	133	0
2.00001e-05	133	0

0.1	134	285
0.0426681	134	34
0.0182057	134	0
0.007768	134	0
0.00331446	134	0
0.00141422	134	0
0.000603419	134	0
0.000257467	134	0
0.000109856	134	0
4.68736e-05	134	0
2.00001e-05	134	0

0.1	135	1789
0.0426681	135	938
0.0182057	135	915
0.007768	135	835
0.00331446	135	496
0.00141422	135	0
0.000603419	135	0
0.000257467	135	0
0.000109856	135	0
4.68736e-05	135	0
2.00001e-05	135	0

0.1	136	1885
0.0426681	136	724
0.0182057	136	0
0.007768	136	0
0.00331446	136	0
0.00141422	136	0
0.000603419	136	0
0.000257467	136	0
0.000109856	136	0
4.68736e-05	136	0
2.00001e-05	136	0

0.1	137	857
0.0426681	137	507
0.0182057	137	0
0.007768	137	0
0.00331446	137	0
0.00141422	137	0
0.000603419	137	0
0.000257467	137	0
0.000109856	137	0
4.68736e-05	137	0
2.00001e-05	137	0

0.1	138	737
0.0426681	138	0
0.0182057	138	0
0.007768	138	0
0.00331446	138	0
0.00141422	138	0
0.000603419	138	0
0.000257467	138	0
0.000109856	138	0
4.68736e-05	138	0
2.00001e-05	138	0

0.1	139	571
0.0426681	139	814
0.0182057	139	766
0.007768	139	505
0.00331446	139	0
0.00141422	139	0
0.000603419	139	0
0.000257467	139	0
0.000109856	139	0
4.68736e-05	139	0
2.00001e-05	139	0

0.1	140	752
0.0426681	140	152
0.0182057	140	0
0.007768	140	0
0.00331446	140	0
0.00141422	140	0
0.000603419	140	0
0.000257467	140	0
0.000109856	140	0
4.68736e-05	140	0
2.00001e-05	140	0

0.1	141	367
0.0426681	141	0
0.0182057	141	0
0.007768	141	0
0.00331446	141	0
0.00141422	141	0
0.000603419	141	0
0.000257467	141	0
0.000109856	141	0
4.68736e-05	141	0
2.00001e-05	141	0

0.1	142	1246
0.0426681	142	1048
0.0182057	142	764
0.007768	142	36
0.00331446	142	0
0.00141422	142	0
0.000603419	142	0
0.000257467	142	0
0.000109856	142	0
4.68736e-05	142	0
2.00001e-05	142	0

0.1	143	441
0.0426681	143	43
0.0182057	143	0
0.007768	143	0
0.00331446	143	0
0.00141422	143	0
0.000603419	143	0
0.000257467	143	0
0.000109856	143	0
4.68736e-05	143	0
2.00001e-05	143	0

0.1	144	2516
0.0426681	144	469
0.0182057	144	0
0.007768	144	0
0.00331446	144	0
0.00141422	144	0
0.000603419	144	0
0.000257467	144	0
0.000109856	144	0
4.68736e-05	144	0
2.00001e-05	144	0

0.1	145	561
0.0426681	145	109
0.0182057	145	0
0.007768	145	0
0.00331446	145	0
0.00141422	145	0
0.000603419	145	0
0.000257467	145	0
0.000109856	145	0
4.68736e-05	145	0
2.00001e-05	145	0

0.1	146	1035
0.0426681	146	105
0.0182057	146	0
0.007768	146	0
0.00331446	146	0
0.00141422	146	0
0.000603419	146	0
0.000257467	146	0
0.000109856	146	0
4.68736e-05	146	0
2.00001e-05	146	0

0.1	147	640
0.0426681	147	8
0.0182057	147	0
0.007768	147	0
0.00331446	147	0
0.00141422	147	0
0.000603419	147	0
0.000257467	147	0
0.000109856	147	0
4.68736e-05	147	0
2.00001e-05	147	0

0.1	148	1068
0.0426681	148	551
0.0182057	148	0
0.007768	148	0
0.00331446	148	0
0.00141422	148	0
0.000603419	148	0
0.000257467	148	0
0.000109856	148	0
4.68736e-05	148	0
2.00001e-05	148	0

0.1	149	1038
0.0426681	149	947
0.0182057	149	0
0.007768	149	0
0.00331446	149	0
0.00141422	149	0
0.000603419	149	0
0.000257467	149	0
0.000109856	149	0
4.68736e-05	149	0
2.00001e-05	149	0

0.1	150	649
0.0426681	150	0
0.0182057	150	0
0.007768	150	0
0.00331446	150	0
0.00141422	150	0
0.000603419	150	0
0.000257467	150	0
0.000109856	150	0
4.68736e-05	150	0
2.00001e-05	150	0

0.1	151	768
0.0426681	151	0
0.0182057	151	0
0.007768	151	0
0.00331446	151	0
0.00141422	151	0
0.000603419	151	0
0.000257467	151	0
0.000109856	151	0
4.68736e-05	151	0
2.00001e-05	151	0

0.1	152	71
0.0426681	152	0
0.0182057	152	0
0.007768	152	0
0.00331446	152	0
0.00141422	152	0
0.000603419	152	0
0.000257467	152	0
0.000109856	152	0
4.68736e-05	152	0
2.00001e-05	152	0

0.1	153	1243
0.0426681	153	581
0.0182057	153	2
0.007768	153	0
0.00331446	153	0
0.00141422	153	0
0.000603419	153	0
0.000257467	153	0
0.000109856	153	0
4.68736e-05	153	0
2.00001e-05	153	0

0.1	154	830
0.0426681	154	515
0.0182057	154	175
0.007768	154	0
0.00331446	154	0
0.00141422	154	0
0.000603419	154	0
0.000257467	154	0
0.000109856	154	0
4.68736e-05	154	0
2.00001e-05	154	0

0.1	155	1940
0.0426681	155	318
0.0182057	155	0
0.007768	155	0
0.00331446	155	0
0.00141422	155	0
0.000603419	155	0
0.000257467	155	0
0.000109856	155	0
4.68736e-05	155	0
2.00001e-05	155	0

0.1	156	2948
0.0426681	156	2259
0.0182057	156	1465
0.007768	156	1377
0.00331446	156	1245
0.00141422	156	432
0.000603419	156	0
0.000257467	156	0
0.000109856	156	0
4.68736e-05	156	0
2.00001e-05	156	0

0.1	157	1167
0.0426681	157	236
0.0182057	157	0
0.007768	157	0
0.00331446	157	0
0.00141422	157	0
0.000603419	157	0
0.000257467	157	0
0.000109856	157	0
4.68736e-05	157	0
2.00001e-05	157	0

0.1	158	2569
0.0426681	158	346
0.0182057	158	0
0.007768	158	0
0.00331446	158	0
0.00141422	158	0
0.000603419	158	0
0.000257467	158	0
0.000109856	158	0
4.68736e-05	158	0
2.00001e-05	158	0

0.1	159	1017
0.0426681	159	50
0.0182057	159	0
0.007768	159	0
0.00331446	159	0
0.00141422	159	0
0.000603419	159	0
0.000257467	159	0
0.000109856	159	0
4.68736e-05	159	0
2.00001e-05	159	0

0.1	160	1084
0.0426681	160	154
0.0182057	160	0
0.007768	160	0
0.00331446	160	0
0.00141422	160	0
0.000603419	160	0
0.000257467	160	0
0.000109856	160	0
4.68736e-05	160	0
2.00001e-05	160	0

0.1	161	745
0.0426681	161	122
0.0182057	161	0
0.007768	161	0
0.00331446	161	0
0.00141422	161	0
0.000603419	161	0
0.000257467	161	0
0.000109856	161	0
4.68736e-05	161	0
2.00001e-05	161	0

0.1	162	989
0.0426681	162	0
0.0182057	162	0
0.007768	162	0
0.00331446	162	0
0.00141422	162	0
0.000603419	162	0
0.000257467	162	0
0.000109856	162	0
4.68736e-05	162	0
2.00001e-05	162	0

0.1	163	695
0.0426681	163	7
0.0182057	163	0
0.007768	163	0
0.00331446	163	0
0.00141422	163	0
0.000603419	163	0
0.000257467	163	0
0.000109856	163	0
4.68736e-05	163	0
2.00001e-05	163	0

0.1	164	4190
0.0426681	164	1338
0.0182057	164	1004
0.007768	164	352
0.00331446	164	0
0.00141422	164	0
0.000603419	164	0
0.000257467	164	0
0.000109856	164	0
4.68736e-05	164	0
2.00001e-05	164	0

0.1	165	3510
0.0426681	165	1771
0.0182057	165	1104
0.007768	165	962
0.00331446	165	37
0.00141422	165	0
0.000603419	165	0
0.000257467	165	0
0.000109856	165	0
4.68736e-05	165	0
2.00001e-05	165	0

0.1	166	2352
0.0426681	166	385
0.0182057	166	0
0.007768	166	0
0.00331446	166	0
0.00141422	166	0
0.000603419	166	0
0.000257467	166	0
0.000109856	166	0
4.68736e-05	166	0
2.00001e-05	166	0

0.1	167	2520
0.0426681	167	460
0.0182057	167	0
0.007768	167	0
0.00331446	167	0
0.00141422	167	0
0.000603419	167	0
0.000257467	167	0
0.000109856	167	0
4.68736e-05	167	0
2.00001e-05	167	0

0.1	168	866
0.0426681	168	240
0.0182057	168	0
0.007768	168	0
0.00331446	168	0
0.00141422	168	0
0.000603419	168	0
0.000257467	168	0
0.000109856	168	0
4.68736e-05	168	0
2.00001e-05	168	0

0.1	169	528
0.0426681	169	12
0.0182057	169	0
0.007768	169	0
0.00331446	169	0
0.00141422	169	0
0.000603419	169	0
0.000257467	169	0
0.000109856	169	0
4.68736e-05	169	0
2.00001e-05	169	0

0.1	170	405
0.0426681	170	0
0.0182057	170	0
0.007768	170	0
0.00331446	170	0
0.00141422	170	0
0.000603419	170	0
0.000257467	170	0
0.000109856	170	0
4.68736e-05	170	0
2.00001e-05	170	0

0.1	171	5463
0.0426681	171	2475
0.0182057	171	1578
0.007768	171	408
0.00331446	171	0
0.00141422	171	0
0.000603419	171	0
0.000257467	171	0
0.000109856	171	0
4.68736e-05	171	0
2.00001e-05	171	0

0.1	172	1410
0.0426681	172	132
0.0182057	172	0
0.007768	172	0
0.00331446	172	0
0.00141422	172	0
0.000603419	172	0
0.000257467	172	0
0.000109856	172	0
4.68736e-05	172	0
2.00001e-05	172	0

0.1	173	310
0.0426681	173	0
0.0182057	173	0
0.007768	173	0
0.00331446	173	0
0.00141422	173	0
0.000603419	173	0
0.000257467	173	0
0.000109856	173	0
4.68736e-05	173	0
2.00001e-05	173	0

0.1	174	3315
0.0426681	174	1119
0.0182057	174	0
0.007768	174	0
0.00331446	174	0
0.00141422	174	0
0.000603419	174	0
0.000257467	174	0
0.000109856	174	0
4.68736e-05	174	0
2.00001e-05	174	0

0.1	175	4639
0.0426681	175	2223
0.0182057	175	1374
0.007768	175	0
0.00331446	175	0
0.00141422	175	0
0.000603419	175	0
0.000257467	175	0
0.000109856	175	0
4.68736e-05	175	0
2.00001e-05	175	0

0.1	176	4135
0.0426681	176	2172
0.0182057	176	1354
0.007768	176	337
0.00331446	176	0
0.00141422	176	0
0.000603419	176	0
0.000257467	176	0
0.000109856	176	0
4.68736e-05	176	0
2.00001e-05	176	0

0.1	177	3281
0.0426681	177	36
0.0182057	177	0
0.007768	177	0
0.00331446	177	0
0.00141422	177	0
0.000603419	177	0
0.000257467	177	0
0.000109856	177	0
4.68736e-05	177	0
2.00001e-05	177	0

0.1	178	4623
0.0426681	178	3396
0.0182057	178	1193
0.007768	178	230
0.00331446	178	0
0.00141422	178	0
0.000603419	178	0
0.000257467	178	0
0.000109856	178	0
4.68736e-05	178	0
2.00001e-05	178	0

0.1	179	5315
0.0426681	179	3709
0.0182057	179	54
0.007768	179	0
0.00331446	179	0
0.00141422	179	0
0.000603419	179	0
0.000257467	179	0
0.000109856	179	0
4.68736e-05	179	0
2.00001e-05	179	0

0.1	180	9296
0.0426681	180	7242
0.0182057	180	3102
0.007768	180	1880
0.00331446	180	990
0.00141422	180	260
0.000603419	180	0
0.000257467	180	0
0.000109856	180	0
4.68736e-05	180	0
2.00001e-05	180	0

0.1	181	14514
0.0426681	181	13713
0.0182057	181	9099
0.007768	181	2686
0.00331446	181	1402
0.00141422	181	348
0.000603419	181	0
0.000257467	181	0
0.000109856	181	0
4.68736e-05	181	0
2.00001e-05	181	0
